1
35
-41.7859 10.9853 93.802 54.7094 -11.6038 5.66496 -26.9753 46.4188 40.1889 76.982 -94.0298 77.384 -68.8961 -32.3154 -10.1557 -10.3763 42.9294 2.43386 -80.1641 71.7254 64.9155 55.0143 -35.3895 0.825007 5.88963 -13.043 -27.0094 66.343 89.2788 65.3255 15.826 74.1554 -80.397 -80.3525 72.8577 
10.9853 87.6141 3.40543 13.0009 -85.7139 55.0832 -64.4201 -44.8256 5.59189 -67.1135 28.5685 1.05267 70.2094 -70.0928 51.1507 -26.7576 -56.3865 -60.2057 -97.9798 19.1702 47.7887 96.774 -89.6544 -41.5491 31.0709 82.6173 -24.5582 80.4832 -55.3685 22.1574 -39.0379 62.0526 51.4718 25.0191 -56.5874 
93.802 3.40543 -69.8012 1.1642 -35.3053 29.2215 86.3046 -25.92 -37.8081 -58.4021 -78.8526 -61.0243 4.95192 66.9431 75.9759 25.7164 -17.9862 51.4027 51.8058 94.6533 -92.5718 30.4074 18.6187 84.0373 81.4944 -87.7315 1.87055 -43.6812 33.5573 94.0774 -69.2991 -74.5755 -50.0719 -59.2209 20.7413 
54.7094 13.0009 1.1642 -79.0658 -80.4859 9.27344 32.6795 -7.67308 -63.4038 9.06785 -56.6905 -20.4651 -31.1527 -70.64 -38.9214 39.5247 0.933461 46.6733 -37.8279 4.98253 -12.6137 59.1277 -3.02083 -83.1686 64.763 65.7999 69.2481 8.15202 -5.07232 87.4424 87.935 51.2398 85.6377 51.2226 -5.34802 
-11.6038 -85.7139 -35.3053 -80.4859 7.85365 -69.7625 58.1848 -9.68343 6.55831 -60.4484 -17.8589 13.1816 -19.597 -92.833 -3.83506 92.2048 -60.0172 -96.5676 -6.4888 40.7775 68.8799 -41.9624 14.3922 -66.5945 40.2148 -81.6768 -7.50889 -75.9501 13.504 53.0375 5.6946 75.2016 78.6424 92.8164 -77.3865 
5.66496 55.0832 29.2215 9.27344 -69.7625 26.7076 9.29148 -60.1139 59.9077 38.639 -34.8757 -76.1918 -89.9249 -34.156 -57.8045 66.2657 -22.7495 -12.1361 -31.6474 -70.6073 -83.7202 -97.5912 17.2168 84.9378 -30.5788 69.3774 3.70793 -50.8999 83.9393 17.6629 59.0771 -61.628 -43.9454 -50.913 61.8667 
-26.9753 -64.4201 86.3046 32.6795 58.1848 9.29148 96.4553 98.4707 -84.5535 -44.887 -36.4124 35.0851 31.0172 -27.7875 57.8079 -8.16573 -27.485 -5.61557 65.1879 78.9297 -27.7987 66.6627 -81.6006 85.3707 -80.1531 58.0141 90.9436 -71.1232 -41.9356 68.8794 -49.306 -56.4083 -29.6916 -67.2943 -38.8965 
46.4188 -44.8256 -25.92 -7.67308 -9.68343 -60.1139 98.4707 62.2695 -64.9484 -14.1949 16.2754 -95.2129 -7.23479 -23.1667 -94.2491 -45.1584 -43.5207 -40.0533 23.6537 -35.4698 37.2987 11.5823 29.5337 -13.8699 -65.8975 73.1629 69.2566 -45.6139 23.1837 -16.196 44.0441 -72.2812 98.3465 6.02782 -66.4801 
40.1889 5.59189 -37.8081 -63.4038 6.55831 59.9077 -84.5535 -64.9484 -17.5763 11.5513 -95.6876 -65.5862 -40.6607 -86.5187 -8.23512 -5.64922 93.5049 10.9345 31.513 -11.7568 7.70766 50.6945 28.9507 87.8262 4.66211 -51.8958 -22.0127 94.8258 34.6981 60.2811 -20.9849 -54.776 80.2876 24.2369 63.8218 
76.982 -67.1135 -58.4021 9.06785 -60.4484 38.639 -44.887 -14.1949 11.5513 86.5005 98.4391 -22.2611 78.3867 -47.0562 -62.3142 -93.1819 72.208 58.6474 43.212 -0.174232 41.6771 -56.8455 -52.7403 39.4176 -15.9303 -43.9168 33.8833 29.1797 -23.0374 98.5661 -66.2484 -82.5339 41.1915 98.2686 82.0913 
-94.0298 28.5685 -78.8526 -56.6905 -17.8589 -34.8757 -36.4124 16.2754 -95.6876 98.4391 43.64 65.5451 -55.7823 -2.72659 -87.7822 -57.3503 -22.0729 72.3793 -33.6953 -37.3054 73.5913 -56.2274 40.025 94.1213 75.3789 89.2627 -8.13557 83.5046 37.5775 -54.9461 -7.4653 62.7 42.3069 34.6426 -79.0845 
77.384 1.05267 -61.0243 -20.4651 13.1816 -76.1918 35.0851 -95.2129 -65.5862 -22.2611 65.5451 0.0561681 -45.9824 -32.8673 18.8578 -55.3426 60.4449 -40.7648 -53.9821 -40.7819 54.5911 -19.4019 17.6896 -87.4683 70.6091 -85.0524 84.5672 76.2356 33.8896 -63.8939 86.8869 57.3763 64.25 -42.4562 30.3937 
-68.8961 70.2094 4.95192 -31.1527 -19.597 -89.9249 31.0172 -7.23479 -40.6607 78.3867 -55.7823 -45.9824 -13.0057 4.64234 11.7493 63.6991 5.43317 37.2633 10.1388 -74.7394 -33.8004 -20.7221 5.10184 12.5681 -33.8973 -65.188 -80.1973 -90.5876 -83.5231 46.7906 -46.4836 58.6475 44.4517 45.4114 -60.4399 
-32.3154 -70.0928 66.9431 -70.64 -92.833 -34.156 -27.7875 -23.1667 -86.5187 -47.0562 -2.72659 -32.8673 4.64234 -72.6646 -10.4099 72.5527 -88.0631 -25.7457 -77.566 -19.4656 -62.3083 6.11939 86.6624 47.6884 -4.48547 50.7792 66.1537 75.0327 12.5842 38.0281 -4.94823 -4.98456 -21.45 47.0678 59.2147 
-10.1557 51.1507 75.9759 -38.9214 -3.83506 -57.8045 57.8079 -94.2491 -8.23512 -62.3142 -87.7822 18.8578 11.7493 -10.4099 73.823 75.9333 -97.645 -95.9293 30.6152 -53.0591 27.5484 81.8169 -13.7566 56.8751 -44.1211 -32.997 17.9557 29.0218 95.9524 -38.3979 -71.1192 25.4637 89.5818 9.67492 48.3016 
-10.3763 -26.7576 25.7164 39.5247 92.2048 66.2657 -8.16573 -45.1584 -5.64922 -93.1819 -57.3503 -55.3426 63.6991 72.5527 75.9333 5.59672 14.0541 -7.50606 -28.4154 -2.00909 91.3027 24.0684 2.93307 -5.89556 -86.6504 -42.6989 -88.6771 -49.2011 -74.7209 79.1559 11.3134 64.0234 -88.9321 19.6543 66.3006 
42.9294 -56.3865 -17.9862 0.933461 -60.0172 -22.7495 -27.485 -43.5207 93.5049 72.208 -22.0729 60.4449 5.43317 -88.0631 -97.645 14.0541 -29.7158 -77.2671 53.6064 63.5527 -80.563 -98.6205 -56.104 -64.0566 -73.8132 89.4965 -37.6735 25.8711 7.96187 -32.7878 -29.937 -32.7121 53.9208 0.110303 71.8621 
2.43386 -60.2057 51.4027 46.6733 -96.5676 -12.1361 -5.61557 -40.0533 10.9345 58.6474 72.3793 -40.7648 37.2633 -25.7457 -95.9293 -7.50606 -77.2671 -13.6751 40.4147 -87.328 51.6882 97.174 -98.3412 83.9308 72.7522 96.8088 98.8255 -61.9865 69.2857 47.4047 -21.4816 -87.8045 -35.5357 -81.1096 20.5933 
-80.1641 -97.9798 51.8058 -37.8279 -6.4888 -31.6474 65.1879 23.6537 31.513 43.212 -33.6953 -53.9821 10.1388 -77.566 30.6152 -28.4154 53.6064 40.4147 8.141 7.82853 -95.8498 -19.8811 82.7301 89.4048 4.3187 -81.6409 1.37895 10.0148 19.172 78.1985 -42.3102 -89.8835 67.3883 35.8758 53.9217 
71.7254 19.1702 94.6533 4.98253 40.7775 -70.6073 78.9297 -35.4698 -11.7568 -0.174232 -37.3054 -40.7819 -74.7394 -19.4656 -53.0591 -2.00909 63.5527 -87.328 7.82853 15.7444 88.6415 46.1398 -93.9914 -69.7737 67.3759 24.5343 -85.2477 -30.6244 95.8444 -71.0042 -21.6025 58.6702 29.2943 -76.457 7.27798 
64.9155 47.7887 -92.5718 -12.6137 68.8799 -83.7202 -27.7987 37.2987 7.70766 41.6771 73.5913 54.5911 -33.8004 -62.3083 27.5484 91.3027 -80.563 51.6882 -95.8498 88.6415 -43.0295 96.5304 -25.5705 94.1175 11.3083 -21.8923 -59.1506 14.5304 78.3263 -72.0767 -28.5923 -4.7356 4.84618 71.7725 64.0901 
55.0143 96.774 30.4074 59.1277 -41.9624 -97.5912 66.6627 11.5823 50.6945 -56.8455 -56.2274 -19.4019 -20.7221 6.11939 81.8169 24.0684 -98.6205 97.174 -19.8811 46.1398 96.5304 41.7709 -64.4361 82.2733 -65.2452 -52.213 -7.35706 -98.0278 4.72569 26.7059 -19.6787 -79.7059 51.691 -53.2759 -51.4094 
-35.3895 -89.6544 18.6187 -3.02083 14.3922 17.2168 -81.6006 29.5337 28.9507 -52.7403 40.025 17.6896 5.10184 86.6624 -13.7566 2.93307 -56.104 -98.3412 82.7301 -93.9914 -25.5705 -64.4361 34.2945 9.25325 89.4194 51.8267 49.6951 62.1255 89.0269 -11.2823 62.9226 22.1569 -47.1238 -10.0548 -96.7453 
0.825007 -41.5491 84.0373 -83.1686 -66.5945 84.9378 85.3707 -13.8699 87.8262 39.4176 94.1213 -87.4683 12.5681 47.6884 56.8751 -5.89556 -64.0566 83.9308 89.4048 -69.7737 94.1175 82.2733 9.25325 -21.7858 -52.5174 23.45 -93.6397 -97.8917 -83.3703 41.2535 -48.4604 97.8953 -53.883 40.4874 -53.661 
5.88963 31.0709 81.4944 64.763 40.2148 -30.5788 -80.1531 -65.8975 4.66211 -15.9303 75.3789 70.6091 -33.8973 -4.48547 -44.1211 -86.6504 -73.8132 72.7522 4.3187 67.3759 11.3083 -65.2452 89.4194 -52.5174 9.78137 55.5608 42.4871 92.469 25.0203 -36.0766 -63.0368 39.189 -96.0624 -28.7619 -83.2249 
-13.043 82.6173 -87.7315 65.7999 -81.6768 69.3774 58.0141 73.1629 -51.8958 -43.9168 89.2627 -85.0524 -65.188 50.7792 -32.997 -42.6989 89.4965 96.8088 -81.6409 24.5343 -21.8923 -52.213 51.8267 23.45 55.5608 -88.7771 51.9636 -25.2911 38.9912 -54.3917 3.98186 -0.907356 -3.92598 -49.8797 4.14205 
-27.0094 -24.5582 1.87055 69.2481 -7.50889 3.70793 90.9436 69.2566 -22.0127 33.8833 -8.13557 84.5672 -80.1973 66.1537 17.9557 -88.6771 -37.6735 98.8255 1.37895 -85.2477 -59.1506 -7.35706 49.6951 -93.6397 42.4871 51.9636 -80.6142 30.658 72.7848 50.7517 -0.409764 43.0956 23.6166 -65.5317 83.5311 
66.343 80.4832 -43.6812 8.15202 -75.9501 -50.8999 -71.1232 -45.6139 94.8258 29.1797 83.5046 76.2356 -90.5876 75.0327 29.0218 -49.2011 25.8711 -61.9865 10.0148 -30.6244 14.5304 -98.0278 62.1255 -97.8917 92.469 -25.2911 30.658 86.872 5.28299 87.2916 -70.7601 -77.4749 -73.286 39.6722 -93.3117 
89.2788 -55.3685 33.5573 -5.07232 13.504 83.9393 -41.9356 23.1837 34.6981 -23.0374 37.5775 33.8896 -83.5231 12.5842 95.9524 -74.7209 7.96187 69.2857 19.172 95.8444 78.3263 4.72569 89.0269 -83.3703 25.0203 38.9912 72.7848 5.28299 68.3214 75.3395 20.1411 -69.1178 2.81952 65.7522 59.8801 
65.3255 22.1574 94.0774 87.4424 53.0375 17.6629 68.8794 -16.196 60.2811 98.5661 -54.9461 -63.8939 46.7906 38.0281 -38.3979 79.1559 -32.7878 47.4047 78.1985 -71.0042 -72.0767 26.7059 -11.2823 41.2535 -36.0766 -54.3917 50.7517 87.2916 75.3395 -29.2076 -49.644 5.88169 51.5781 28.3314 -24.9928 
15.826 -39.0379 -69.2991 87.935 5.6946 59.0771 -49.306 44.0441 -20.9849 -66.2484 -7.4653 86.8869 -46.4836 -4.94823 -71.1192 11.3134 -29.937 -21.4816 -42.3102 -21.6025 -28.5923 -19.6787 62.9226 -48.4604 -63.0368 3.98186 -0.409764 -70.7601 20.1411 -49.644 -95.6838 -2.32288 -34.6809 29.7624 69.3088 
74.1554 62.0526 -74.5755 51.2398 75.2016 -61.628 -56.4083 -72.2812 -54.776 -82.5339 62.7 57.3763 58.6475 -4.98456 25.4637 64.0234 -32.7121 -87.8045 -89.8835 58.6702 -4.7356 -79.7059 22.1569 97.8953 39.189 -0.907356 43.0956 -77.4749 -69.1178 5.88169 -2.32288 38.3993 95.2437 -68.9671 -37.3779 
-80.397 51.4718 -50.0719 85.6377 78.6424 -43.9454 -29.6916 98.3465 80.2876 41.1915 42.3069 64.25 44.4517 -21.45 89.5818 -88.9321 53.9208 -35.5357 67.3883 29.2943 4.84618 51.691 -47.1238 -53.883 -96.0624 -3.92598 23.6166 -73.286 2.81952 51.5781 -34.6809 95.2437 42.8453 -24.4719 -53.7874 
-80.3525 25.0191 -59.2209 51.2226 92.8164 -50.913 -67.2943 6.02782 24.2369 98.2686 34.6426 -42.4562 45.4114 47.0678 9.67492 19.6543 0.110303 -81.1096 35.8758 -76.457 71.7725 -53.2759 -10.0548 40.4874 -28.7619 -49.8797 -65.5317 39.6722 65.7522 28.3314 29.7624 -68.9671 -24.4719 63.2818 -78.4433 
72.8577 -56.5874 20.7413 -5.34802 -77.3865 61.8667 -38.8965 -66.4801 63.8218 82.0913 -79.0845 30.3937 -60.4399 59.2147 48.3016 66.3006 71.8621 20.5933 53.9217 7.27798 64.0901 -51.4094 -96.7453 -53.661 -83.2249 4.14205 83.5311 -93.3117 59.8801 -24.9928 69.3088 -37.3779 -53.7874 -78.4433 85.1317 
