44
-21.4628 29.9727 38.8834 -83.9329 89.4841 -49.41 -22.6412 25.0803 -16.83 79.5012 72.4275 -14.9181 -59.8508 -72.8048 10.2063 68.9897 22.0253 -80.3185 51.3482 -72.981 18.1815 61.7263 -86.6202 67.5251 -41.4581 -24.6029 -76.6027 -65.3744 -45.8783 -65.2614 71.4969 -13.4764 14.1225 -44.6319 93.5597 -58.183 39.5508 44.7888 -31.2296 22.3422 96.8538 63.0297 40.9437 90.6685 
29.9727 58.0626 -84.3493 21.1379 52.2575 -35.6134 -0.993929 -72.966 73.03 13.7738 34.0037 72.4208 70.3315 1.63505 -41.7669 -65.7463 40.4393 -71.1133 -73.6411 12.3819 4.93423 -32.3301 -59.283 -34.1961 59.8857 64.123 1.42108 -73.844 -31.5531 -69.644 68.8343 -15.8611 -68.8177 96.7774 -32.8577 -17.1929 -78.5678 -27.3449 -27.5706 -59.6816 -0.0723164 -27.4213 74.1917 -63.8711 
38.8834 -84.3493 74.8644 -44.5049 50.702 -42.6762 95.382 77.8489 22.7321 -81.219 -35.7346 -57.2736 79.3931 38.6512 -26.9853 75.9161 9.2995 74.7001 -34.2427 68.6994 92.6713 59.264 -87.6891 -76.2268 -83.0221 -46.8488 58.9376 -29.2161 5.08891 -6.61749 55.7652 -86.6367 -11.0141 16.4527 -84.6717 -50.4553 31.6219 37.1717 54.7204 -23.922 81.6824 -95.8542 -93.4865 -98.1229 
-83.9329 21.1379 -44.5049 -9.0406 -79.3593 -64.0208 -66.4145 94.7142 -59.0749 98.0023 -37.9274 -82.9889 -82.7465 31.3267 26.0675 -58.3478 43.2038 61.0702 -25.9085 -42.0528 79.3668 -8.39321 -88.6265 8.66691 -63.1621 -87.0684 59.5762 11.0816 -69.0702 11.9597 36.573 89.8032 -31.1176 -76.0102 -8.23592 -19.072 18.2014 0.380894 65.6793 21.9407 82.0622 -48.3977 -35.6325 74.8636 
89.4841 52.2575 50.702 -79.3593 -56.6911 -31.1048 -58.5664 -67.8962 -57.099 43.5139 -73.0737 45.023 -54.6868 -4.74372 66.3044 34.3254 -64.9573 34.0342 -8.91495 52.4178 84.7856 -13.9589 23.4899 -17.8655 -97.948 -39.5829 10.112 68.3239 -79.9886 51.0433 -48.5739 -27.1413 28.4127 -43.2553 63.3766 -69.8977 -36.6631 -20.0434 -71.3205 8.39747 -37.7221 0.0942216 -0.418165 -98.1012 
-49.41 -35.6134 -42.6762 -64.0208 -31.1048 -41.4545 35.4201 -79.6349 56.7025 24.2552 -24.439 -93.8087 31.3042 43.0193 -70.9691 -26.3033 54.5719 54.1545 -32.0914 -8.23601 -20.6294 -20.5031 -75.5222 76.8895 -63.4118 71.3737 94.1941 -86.9225 -62.3282 68.7695 83.8168 -61.2303 -91.6904 -6.60325 97.1832 55.8849 -54.993 -2.54886 -70.6241 31.3676 -79.2087 92.1406 49.5721 -26.473 
-22.6412 -0.993929 95.382 -66.4145 -58.5664 35.4201 -26.3317 -26.7718 -98.0525 -13.8444 -33.5775 -37.8644 -14.325 8.32408 -83.1973 -20.9522 98.1091 -23.9025 12.1101 -9.70987 -41.7847 30.6345 73.8345 69.6555 -74.2365 -95.5981 52.7163 -47.486 41.1017 -26.2897 85.3425 39.0398 -29.3757 94.5212 63.9679 -31.4569 -36.5772 36.9235 41.2101 14.3948 -22.2893 0.00116934 19.6531 45.1436 
25.0803 -72.966 77.8489 94.7142 -67.8962 -79.6349 -26.7718 -7.02925 65.399 63.4567 89.0764 28.3823 39.9508 34.9801 48.0452 52.4894 98.6315 43.1644 -7.76323 5.38292 -15.305 -29.2914 -72.8152 33.4602 44.8821 -46.3575 -1.00495 -60.1379 51.6472 2.2946 -44.7041 68.256 -34.2066 81.545 -29.7566 28.4987 15.1744 11.8982 -6.19837 -28.0168 -33.5466 86.8502 34.8456 -33.3349 
-16.83 73.03 22.7321 -59.0749 -57.099 56.7025 -98.0525 65.399 80.7229 13.992 -60.587 27.8255 -12.7953 -22.9038 -31.9353 41.0478 59.0353 28.5424 -42.0449 13.864 -33.0443 14.7025 1.18843 -24.1362 45.0587 -48.1714 5.11913 -92.7137 21.2027 -46.957 22.0993 -25.1799 -72.2153 17.54 -27.8572 74.7871 43.548 -95.0202 63.884 -55.8895 -23.2071 17.8066 96.9622 -94.7785 
79.5012 13.7738 -81.219 98.0023 43.5139 24.2552 -13.8444 63.4567 13.992 -32.8334 -4.30364 -61.3556 -18.8832 23.5945 -41.0037 88.3825 47.94 66.2028 -90.2388 36.5107 33.1457 -91.5413 -74.339 -36.2143 -1.17895 -14.5287 -49.3251 18.5583 59.0061 -67.0951 -56.5542 90.8196 23.0284 -51.042 70.8187 71.6811 -84.9615 27.9388 -88.3854 -96.5966 -96.8947 40.4395 -67.2982 93.8737 
72.4275 34.0037 -35.7346 -37.9274 -73.0737 -24.439 -33.5775 89.0764 -60.587 -4.30364 71.842 43.8659 -97.0882 -43.9347 -69.0748 -65.8576 -49.1823 43.7752 -37.7852 -70.5378 96.019 91.9085 -90.5971 -44.6863 -28.0055 -42.1767 -23.2651 33.4188 -56.952 -60.3559 -47.7036 -52.6116 24.6298 -64.6755 18.806 64.6644 -6.80239 -81.7117 -1.11902 2.63363 -88.6155 -5.45659 -34.9662 -13.427 
-14.9181 72.4208 -57.2736 -82.9889 45.023 -93.8087 -37.8644 28.3823 27.8255 -61.3556 43.8659 52.845 -62.6488 25.5918 64.8485 -80.5561 16.9828 -85.6984 -81.3537 76.3681 83.2948 76.0299 -58.1969 5.33701 5.06426 -25.0404 93.7075 50.1137 -30.4242 94.4376 44.0292 72.9111 -5.11813 -88.4187 -63.0155 0.215531 58.4245 59.113 -52.3776 -1.57176 -82.5391 -46.7944 -17.3779 -19.7974 
-59.8508 70.3315 79.3931 -82.7465 -54.6868 31.3042 -14.325 39.9508 -12.7953 -18.8832 -97.0882 -62.6488 -94.1364 67.3324 86.0569 -31.6869 58.7855 -11.9344 -7.80477 -98.7834 -22.2489 85.18 79.5583 43.1337 70.2641 56.3274 56.5066 97.7303 -54.7456 -2.85187 -15.4539 43.1025 -57.7047 -38.2555 -54.5275 -98.9148 -52.3071 -5.38539 -26.3333 -53.9413 50.0437 -19.411 62.8954 -39.4431 
-72.8048 1.63505 38.6512 31.3267 -4.74372 43.0193 8.32408 34.9801 -22.9038 23.5945 -43.9347 25.5918 67.3324 -16.5849 41.3394 8.8567 -41.5212 -94.0587 -12.4036 26.5143 -72.1617 -72.0418 -37.2493 27.6035 17.7496 -68.7517 17.9342 63.6161 -4.24084 4.28043 67.2694 17.4162 69.9098 41.4573 11.2761 32.057 24.6318 -31.5663 -92.7905 -81.1994 95.9039 -60.9624 54.712 33.3771 
10.2063 -41.7669 -26.9853 26.0675 66.3044 -70.9691 -83.1973 48.0452 -31.9353 -41.0037 -69.0748 64.8485 86.0569 41.3394 34.8455 -35.7492 93.4199 -32.1602 23.1857 17.657 -40.201 -81.4152 33.1614 -27.0246 9.232 -69.7125 -91.685 84.3502 -5.98723 -43.3565 -52.846 45.0172 46.2914 78.235 -22.6417 17.543 22.8093 27.1723 97.3277 -90.1269 -63.3123 -38.1574 10.6057 49.6415 
68.9897 -65.7463 75.9161 -58.3478 34.3254 -26.3033 -20.9522 52.4894 41.0478 88.3825 -65.8576 -80.5561 -31.6869 8.8567 -35.7492 -46.5314 47.5688 -36.0161 -36.4388 -13.2502 54.3225 19.9552 -25.6545 68.6343 -11.4805 97.5099 3.57319 60.552 -22.1748 -55.8389 34.884 17.7708 90.5568 -37.4832 56.4844 -77.4773 84.2859 -96.8201 -90.7873 -74.8904 3.17699 -64.2489 60.1777 22.303 
22.0253 40.4393 9.2995 43.2038 -64.9573 54.5719 98.1091 98.6315 59.0353 47.94 -49.1823 16.9828 58.7855 -41.5212 93.4199 47.5688 33.2937 19.6936 -65.9761 -60.2827 -4.99142 61.1233 75.7332 -93.9649 -19.7075 29.7571 -21.0016 60.0298 -87.4256 -3.83266 -65.4601 97.8062 32.3168 33.9594 -78.3349 -71.9653 61.8521 47.9958 13.8227 64.2497 -46.9129 -29.5367 -36.9452 -10.758 
-80.3185 -71.1133 74.7001 61.0702 34.0342 54.1545 -23.9025 43.1644 28.5424 66.2028 43.7752 -85.6984 -11.9344 -94.0587 -32.1602 -36.0161 19.6936 -35.4886 -80.1716 -54.0294 -44.892 78.1591 88.2604 -24.2914 10.6636 33.5474 -72.4511 14.4816 50.0963 73.1282 79.6957 -24.7986 -0.387876 14.9632 27.3 64.8804 58.2104 23.5167 36.7968 90.367 -60.2925 27.9352 48.6727 -93.9423 
51.3482 -73.6411 -34.2427 -25.9085 -8.91495 -32.0914 12.1101 -7.76323 -42.0449 -90.2388 -37.7852 -81.3537 -7.80477 -12.4036 23.1857 -36.4388 -65.9761 -80.1716 -35.6149 -25.6407 -94.453 92.3054 47.3648 -97.2527 -35.6592 21.8966 -66.3427 -83.2152 74.7328 -78.4681 64.0419 24.6006 38.2372 -55.9122 -8.88191 13.7881 76.7529 15.1524 39.217 -21.2348 -97.602 33.0929 11.0511 12.5244 
-72.981 12.3819 68.6994 -42.0528 52.4178 -8.23601 -9.70987 5.38292 13.864 36.5107 -70.5378 76.3681 -98.7834 26.5143 17.657 -13.2502 -60.2827 -54.0294 -25.6407 23.3019 -9.73203 -18.2795 72.1277 94.399 -9.82399 20.2105 -89.9138 -44.4535 -75.7824 58.6361 51.1401 -6.20933 -14.1598 12.6067 20.3139 63.788 -85.5255 53.1869 -57.0483 -94.8747 -65.4725 87.8842 -10.1071 14.2167 
18.1815 4.93423 92.6713 79.3668 84.7856 -20.6294 -41.7847 -15.305 -33.0443 33.1457 96.019 83.2948 -22.2489 -72.1617 -40.201 54.3225 -4.99142 -44.892 -94.453 -9.73203 -46.6748 11.819 48.4307 -3.17236 -55.9229 9.88891 80.9939 15.063 -78.7507 67.1986 14.506 64.6963 -64.5514 -72.5641 95.6162 52.9459 50.1445 90.2381 -48.7124 20.6026 -34.4475 -7.06644 34.3872 -15.5784 
61.7263 -32.3301 59.264 -8.39321 -13.9589 -20.5031 30.6345 -29.2914 14.7025 -91.5413 91.9085 76.0299 85.18 -72.0418 -81.4152 19.9552 61.1233 78.1591 92.3054 -18.2795 11.819 -70.4743 -26.0694 25.0216 -13.8349 -70.5859 79.4205 -95.0044 -66.7465 59.573 -42.9645 1.52931 -36.9111 -30.876 25.8613 40.2531 -31.476 38.3475 16.4202 -38.0567 -79.2065 -69.9128 -92.5778 -70.6946 
-86.6202 -59.283 -87.6891 -88.6265 23.4899 -75.5222 73.8345 -72.8152 1.18843 -74.339 -90.5971 -58.1969 79.5583 -37.2493 33.1614 -25.6545 75.7332 88.2604 47.3648 72.1277 48.4307 -26.0694 34.4761 92.3462 -59.1959 44.3601 90.1402 88.6034 -0.245751 27.667 95.3161 -40.1317 92.0202 5.708 -95.7237 -78.5619 72.0308 49.0189 -17.3676 -44.7589 -61.048 1.6564 -78.8808 58.1191 
67.5251 -34.1961 -76.2268 8.66691 -17.8655 76.8895 69.6555 33.4602 -24.1362 -36.2143 -44.6863 5.33701 43.1337 27.6035 -27.0246 68.6343 -93.9649 -24.2914 -97.2527 94.399 -3.17236 25.0216 92.3462 74.1387 35.0054 77.0598 26.5819 73.2317 37.5576 6.13737 -7.28231 -29.781 15.4359 50.9801 77.133 67.6112 18.6592 -27.6403 -41.7726 36.3306 -23.0442 -16.6731 -54.2007 47.0788 
-41.4581 59.8857 -83.0221 -63.1621 -97.948 -63.4118 -74.2365 44.8821 45.0587 -1.17895 -28.0055 5.06426 70.2641 17.7496 9.232 -11.4805 -19.7075 10.6636 -35.6592 -9.82399 -55.9229 -13.8349 -59.1959 35.0054 46.0008 -53.8701 58.5589 -59.306 -24.2548 32.0275 -76.3627 8.14987 -41.0995 63.2791 74.4441 20.1702 25.1482 -64.0377 46.0761 22.5448 -62.266 -75.4924 -17.5637 24.1339 
-24.6029 64.123 -46.8488 -87.0684 -39.5829 71.3737 -95.5981 -46.3575 -48.1714 -14.5287 -42.1767 -25.0404 56.3274 -68.7517 -69.7125 97.5099 29.7571 33.5474 21.8966 20.2105 9.88891 -70.5859 44.3601 77.0598 -53.8701 -82.8881 28.2755 27.13 -19.5564 -4.135 1.08896 86.1728 -63.0228 75.4112 37.3108 17.4195 -73.2972 50.2982 -97.9035 -84.7601 47.7478 3.65184 -3.57468 -85.6497 
-76.6027 1.42108 58.9376 59.5762 10.112 94.1941 52.7163 -1.00495 5.11913 -49.3251 -23.2651 93.7075 56.5066 17.9342 -91.685 3.57319 -21.0016 -72.4511 -66.3427 -89.9138 80.9939 79.4205 90.1402 26.5819 58.5589 28.2755 -54.2565 98.6469 -93.7963 41.9901 55.3728 50.4315 -35.2893 -97.6713 57.0579 57.29 -1.78993 12.5708 10.7024 91.05 -64.9953 -9.5171 30.1011 19.9303 
-65.3744 -73.844 -29.2161 11.0816 68.3239 -86.9225 -47.486 -60.1379 -92.7137 18.5583 33.4188 50.1137 97.7303 63.6161 84.3502 60.552 60.0298 14.4816 -83.2152 -44.4535 15.063 -95.0044 88.6034 73.2317 -59.306 27.13 98.6469 -48.2459 -59.0801 10.7632 -74.1335 53.072 -8.78894 -7.71188 76.4955 46.442 33.9047 -8.1822 91.7109 -45.3111 -36.1659 20.101 48.7645 62.1926 
-45.8783 -31.5531 5.08891 -69.0702 -79.9886 -62.3282 41.1017 51.6472 21.2027 59.0061 -56.952 -30.4242 -54.7456 -4.24084 -5.98723 -22.1748 -87.4256 50.0963 74.7328 -75.7824 -78.7507 -66.7465 -0.245751 37.5576 -24.2548 -19.5564 -93.7963 -59.0801 29.5447 -27.0497 -16.6121 -18.7947 -72.5244 -29.2053 -11.6178 -32.5732 11.7803 -8.18237 88.9045 -87.8681 82.3889 96.254 80.154 -43.7545 
-65.2614 -69.644 -6.61749 11.9597 51.0433 68.7695 -26.2897 2.2946 -46.957 -67.0951 -60.3559 94.4376 -2.85187 4.28043 -43.3565 -55.8389 -3.83266 73.1282 -78.4681 58.6361 67.1986 59.573 27.667 6.13737 32.0275 -4.135 41.9901 10.7632 -27.0497 -9.61974 86.9978 -57.3587 34.8961 22.0677 37.5108 12.4903 44.6285 47.6141 -65.0183 -0.499332 -76.2683 9.97168 86.0981 66.8682 
71.4969 68.8343 55.7652 36.573 -48.5739 83.8168 85.3425 -44.7041 22.0993 -56.5542 -47.7036 44.0292 -15.4539 67.2694 -52.846 34.884 -65.4601 79.6957 64.0419 51.1401 14.506 -42.9645 95.3161 -7.28231 -76.3627 1.08896 55.3728 -74.1335 -16.6121 86.9978 6.65986 62.3136 82.9404 59.8101 -18.1712 -86.5189 -11.4428 -61.7271 73.1075 -69.4086 65.533 -60.3689 -67.9987 1.20167 
-13.4764 -15.8611 -86.6367 89.8032 -27.1413 -61.2303 39.0398 68.256 -25.1799 90.8196 -52.6116 72.9111 43.1025 17.4162 45.0172 17.7708 97.8062 -24.7986 24.6006 -6.20933 64.6963 1.52931 -40.1317 -29.781 8.14987 86.1728 50.4315 53.072 -18.7947 -57.3587 62.3136 0.525769 -73.4041 34.5006 -89.89 -41.4694 -16.8995 -97.0877 -34.6401 -76.2714 -41.9546 -52.451 -47.7226 25.0203 
14.1225 -68.8177 -11.0141 -31.1176 28.4127 -91.6904 -29.3757 -34.2066 -72.2153 23.0284 24.6298 -5.11813 -57.7047 69.9098 46.2914 90.5568 32.3168 -0.387876 38.2372 -14.1598 -64.5514 -36.9111 92.0202 15.4359 -41.0995 -63.0228 -35.2893 -8.78894 -72.5244 34.8961 82.9404 -73.4041 -36.1634 62.4722 -22.9628 -33.5751 3.91497 62.9556 -16.4078 48.7116 -33.3296 -28.8836 49.3372 -13.3069 
-44.6319 96.7774 16.4527 -76.0102 -43.2553 -6.60325 94.5212 81.545 17.54 -51.042 -64.6755 -88.4187 -38.2555 41.4573 78.235 -37.4832 33.9594 14.9632 -55.9122 12.6067 -72.5641 -30.876 5.708 50.9801 63.2791 75.4112 -97.6713 -7.71188 -29.2053 22.0677 59.8101 34.5006 62.4722 91.3489 8.73846 -48.6623 70.8263 1.6814 -54.6995 -20.5279 -96.395 -75.4942 -47.8402 27.0436 
93.5597 -32.8577 -84.6717 -8.23592 63.3766 97.1832 63.9679 -29.7566 -27.8572 70.8187 18.806 -63.0155 -54.5275 11.2761 -22.6417 56.4844 -78.3349 27.3 -8.88191 20.3139 95.6162 25.8613 -95.7237 77.133 74.4441 37.3108 57.0579 76.4955 -11.6178 37.5108 -18.1712 -89.89 -22.9628 8.73846 -86.2115 7.2326 -13.7143 -24.4237 -35.3619 68.639 67.7238 -68.9234 -95.5797 -33.3905 
-58.183 -17.1929 -50.4553 -19.072 -69.8977 55.8849 -31.4569 28.4987 74.7871 71.6811 64.6644 0.215531 -98.9148 32.057 17.543 -77.4773 -71.9653 64.8804 13.7881 63.788 52.9459 40.2531 -78.5619 67.6112 20.1702 17.4195 57.29 46.442 -32.5732 12.4903 -86.5189 -41.4694 -33.5751 -48.6623 7.2326 -61.9652 31.6635 -55.32 44.1857 -68.2599 -32.8703 -30.9951 3.62527 -54.1615 
39.5508 -78.5678 31.6219 18.2014 -36.6631 -54.993 -36.5772 15.1744 43.548 -84.9615 -6.80239 58.4245 -52.3071 24.6318 22.8093 84.2859 61.8521 58.2104 76.7529 -85.5255 50.1445 -31.476 72.0308 18.6592 25.1482 -73.2972 -1.78993 33.9047 11.7803 44.6285 -11.4428 -16.8995 3.91497 70.8263 -13.7143 31.6635 -86.9768 14.3686 -67.7066 -38.9339 28.7504 88.0445 -88.489 -57.1672 
44.7888 -27.3449 37.1717 0.380894 -20.0434 -2.54886 36.9235 11.8982 -95.0202 27.9388 -81.7117 59.113 -5.38539 -31.5663 27.1723 -96.8201 47.9958 23.5167 15.1524 53.1869 90.2381 38.3475 49.0189 -27.6403 -64.0377 50.2982 12.5708 -8.1822 -8.18237 47.6141 -61.7271 -97.0877 62.9556 1.6814 -24.4237 -55.32 14.3686 84.4147 87.3095 32.8008 50.8659 -60.908 -21.3865 -72.9767 
-31.2296 -27.5706 54.7204 65.6793 -71.3205 -70.6241 41.2101 -6.19837 63.884 -88.3854 -1.11902 -52.3776 -26.3333 -92.7905 97.3277 -90.7873 13.8227 36.7968 39.217 -57.0483 -48.7124 16.4202 -17.3676 -41.7726 46.0761 -97.9035 10.7024 91.7109 88.9045 -65.0183 73.1075 -34.6401 -16.4078 -54.6995 -35.3619 44.1857 -67.7066 87.3095 90.9997 79.9824 42.0194 -45.6617 11.062 -2.60018 
22.3422 -59.6816 -23.922 21.9407 8.39747 31.3676 14.3948 -28.0168 -55.8895 -96.5966 2.63363 -1.57176 -53.9413 -81.1994 -90.1269 -74.8904 64.2497 90.367 -21.2348 -94.8747 20.6026 -38.0567 -44.7589 36.3306 22.5448 -84.7601 91.05 -45.3111 -87.8681 -0.499332 -69.4086 -76.2714 48.7116 -20.5279 68.639 -68.2599 -38.9339 32.8008 79.9824 56.7623 39.9438 -82.0318 -34.7945 -97.5707 
96.8538 -0.0723164 81.6824 82.0622 -37.7221 -79.2087 -22.2893 -33.5466 -23.2071 -96.8947 -88.6155 -82.5391 50.0437 95.9039 -63.3123 3.17699 -46.9129 -60.2925 -97.602 -65.4725 -34.4475 -79.2065 -61.048 -23.0442 -62.266 47.7478 -64.9953 -36.1659 82.3889 -76.2683 65.533 -41.9546 -33.3296 -96.395 67.7238 -32.8703 28.7504 50.8659 42.0194 39.9438 -34.3179 -7.14679 69.8212 -61.7332 
63.0297 -27.4213 -95.8542 -48.3977 0.0942216 92.1406 0.00116934 86.8502 17.8066 40.4395 -5.45659 -46.7944 -19.411 -60.9624 -38.1574 -64.2489 -29.5367 27.9352 33.0929 87.8842 -7.06644 -69.9128 1.6564 -16.6731 -75.4924 3.65184 -9.5171 20.101 96.254 9.97168 -60.3689 -52.451 -28.8836 -75.4942 -68.9234 -30.9951 88.0445 -60.908 -45.6617 -82.0318 -7.14679 -30.1096 35.7308 -5.60852 
40.9437 74.1917 -93.4865 -35.6325 -0.418165 49.5721 19.6531 34.8456 96.9622 -67.2982 -34.9662 -17.3779 62.8954 54.712 10.6057 60.1777 -36.9452 48.6727 11.0511 -10.1071 34.3872 -92.5778 -78.8808 -54.2007 -17.5637 -3.57468 30.1011 48.7645 80.154 86.0981 -67.9987 -47.7226 49.3372 -47.8402 -95.5797 3.62527 -88.489 -21.3865 11.062 -34.7945 69.8212 35.7308 -14.4304 19.0917 
90.6685 -63.8711 -98.1229 74.8636 -98.1012 -26.473 45.1436 -33.3349 -94.7785 93.8737 -13.427 -19.7974 -39.4431 33.3771 49.6415 22.303 -10.758 -93.9423 12.5244 14.2167 -15.5784 -70.6946 58.1191 47.0788 24.1339 -85.6497 19.9303 62.1926 -43.7545 66.8682 1.20167 25.0203 -13.3069 27.0436 -33.3905 -54.1615 -57.1672 -72.9767 -2.60018 -97.5707 -61.7332 -5.60852 19.0917 -84.6279 
