70
-65.3293 -79.4783 -83.3002 32.0425 -21.1856 -62.3724 -81.1865 -83.5272 -22.3287 -68.561 54.7288 -80.3842 -63.4604 47.3618 50.4792 -26.6125 5.84933 -96.3653 28.3748 -87.0422 -94.3686 -73.0831 84.771 -61.3274 58.1572 -77.7252 76.1853 -19.2164 -32.7594 50.1919 94.6209 -42.4516 -89.7254 -47.4267 46.6743 -20.2614 27.2311 94.6889 -87.809 85.961 -59.1441 -74.2787 -11.3349 -28.9487 -55.4716 70.0787 -89.9669 52.9214 33.3099 93.7745 -11.8618 24.2367 60.6481 9.40129 3.45852 -84.7242 57.1408 66.1179 66.9057 42.46 32.7983 8.93935 -38.4144 46.4092 77.9054 -17.9746 48.3528 73.8704 80.3099 2.43787 
-79.4783 -12.6967 50.385 -25.27 -2.51589 87.367 9.74577 51.1328 68.5416 13.9602 -1.11488 72.1419 -63.3731 -69.4646 -84.1361 40.911 -63.1231 -25.7693 -77.987 33.2247 48.1137 14.1486 -2.26734 -91.1349 23.3076 87.5795 17.0599 22.1164 65.1612 26.6491 16.2552 -38.2824 87.7363 77.9442 40.7738 7.57221 -47.8058 11.7465 17.522 65.9125 -18.7699 -52.2868 -61.0592 12.7705 2.53919 -91.8584 -57.4442 -16.7913 -60.9126 -97.7146 -77.9846 72.0412 26.3446 45.3763 -56.2907 -34.402 -34.378 -27.1433 -6.2461 -38.1409 89.3866 94.6699 -11.3254 -67.7934 87.102 -88.2775 -66.1179 -67.4853 -81.0963 47.1164 
-83.3002 50.385 83.1011 -12.065 -24.7749 2.34668 38.6846 -59.6103 10.2512 32.5943 -54.2591 56.0509 -36.5189 26.329 -18.8428 -89.3212 14.1881 68.1715 -68.3429 -41.6316 30.222 70.9598 66.6898 -22.8859 70.0062 78.9049 -48.8839 -89.8151 29.4211 73.6971 -60.4029 -45.3177 51.4252 32.7992 24.2914 -9.73075 3.23077 47.5831 6.77953 93.6273 87.931 -16.1656 -39.2426 -12.1977 -77.3088 -53.3864 71.4735 -10.465 -60.6594 -0.383782 83.7773 66.6145 97.6578 -85.0608 -56.7304 -97.7269 -85.7991 8.11293 -67.997 30.3438 -58.9448 -90.4937 -89.3719 -46.198 -91.6707 -72.1311 47.4257 -64.6949 88.9796 -14.2209 
32.0425 -25.27 -12.065 -23.881 -21.1314 57.3162 42.9394 -28.2443 -95.17 -78.7013 -92.1689 69.9092 31.3569 -60.6579 25.03 -70.7171 52.2167 70.3662 -9.28747 -70.4605 7.55088 -10.2905 -98.598 -75.2253 -81.7101 25.8986 74.1782 -92.8146 -91.5767 -75.2029 96.1489 96.9759 -61.3938 -66.9068 -59.7646 -9.52937 21.8233 88.7019 70.0662 96.8823 -50.7768 -25.0469 -15.0573 -23.9926 83.1577 -51.1834 70.391 12.0518 1.31234 78.5453 44.6702 -44.3306 10.1492 -98.5589 -11.9287 88.0641 43.1433 32.966 55.2942 -83.2155 68.6799 -36.215 -14.047 -71.9076 40.449 91.6806 39.3764 83.9625 11.0641 32.883 
-21.1856 -2.51589 -24.7749 -21.1314 47.3123 10.376 -48.2291 25.4375 46.4641 10.7513 -77.578 -23.4169 56.6572 55.1433 -44.2438 82.4015 -87.2574 51.6665 -69.7726 85.8241 16.0932 10.0617 14.8801 15.4488 69.4002 -8.50361 35.7921 33.9892 26.2904 -73.46 86.0485 25.7346 89.4627 -12.651 27.307 -15.2756 68.937 -71.9318 30.1801 -38.3125 -22.8224 -50.8828 -25.5528 -4.09488 81.3353 10.4917 -83.1974 -22.2028 68.2121 20.9455 -13.7599 1.54433 17.6028 37.5634 -93.2432 31.6 64.9244 6.13895 19.2519 33.8852 60.9624 -54.7105 -7.33261 -83.2356 -71.4381 12.068 75.5141 -13.8708 -81.2418 -23.2984 
-62.3724 87.367 2.34668 57.3162 10.376 68.4844 42.7721 -68.1309 -42.7009 76.5578 -95.7296 20.5304 -59.1252 44.8807 -69.2377 -31.7824 36.3708 57.746 -58.741 -31.3166 -53.2682 77.1596 -79.1186 21.6029 -52.3198 -21.0069 -28.3622 -96.7263 98.497 -38.1708 -16.2397 -96.5708 -59.4874 95.4468 -21.7298 97.9916 -19.7206 8.02544 45.5768 -52.4087 68.4487 36.5666 -17.0974 -57.712 36.2257 -4.14736 -8.75087 38.1065 -73.4433 -29.8543 -30.0455 -74.2442 -26.7792 -23.4411 46.2721 -48.1859 -41.1817 66.6018 82.5322 -68.8554 57.6378 -95.2012 -8.42671 -57.7681 83.6222 34.3098 69.3829 97.0618 -5.16759 70.3614 
-81.1865 9.74577 38.6846 42.9394 -48.2291 42.7721 -89.2774 -40.5796 88.5079 -22.4001 -81.1796 32.8354 37.8731 -37.0297 -44.854 -75.5086 -90.3368 -26.4375 -22.6909 -17.4232 10.6506 13.4259 -71.6558 -83.3188 -83.607 23.4691 28.7801 -6.20426 70.9284 -64.9283 -72.2241 67.7665 56.2899 19.5194 -22.8276 60.1075 30.8244 98.2244 -66.4237 -58.3357 47.6107 75.1824 -45.6354 57.795 -27.8999 -49.5692 75.0475 62.6661 67.2489 67.7655 37.9656 -66.4808 -29.3487 -46.3789 36.2531 60.1335 71.6642 25.7594 -87.0291 -72.0295 -28.2245 38.2722 -60.613 -12.9801 38.6482 -76.8816 -0.361539 61.6172 59.7317 50.4464 
-83.5272 51.1328 -59.6103 -28.2443 25.4375 -68.1309 -40.5796 15.865 -63.669 -92.2096 -21.3534 86.8151 39.066 14.9739 8.8081 -66.3187 -76.3261 29.7105 -11.3604 -61.6685 68.0793 -33.682 -11.5882 69.4208 -59.2449 12.4823 -89.3657 59.2956 46.5339 -4.11427 -46.6182 -26.0411 -92.2839 -82.2659 -9.36156 70.2298 74.795 -22.2166 32.8113 29.1477 33.2813 8.36146 -48.8786 -0.992379 -46.9122 -17.0932 12.2456 90.368 -43.2978 -56.2301 -6.06074 -90.7749 -63.6729 38.7878 91.3316 -84.0433 16.414 56.5913 -61.937 -89.1116 -27.3464 -53.0526 -61.1444 -34.5081 -35.8896 -89.0498 22.2867 -44.2661 -94.2829 -18.6173 
-22.3287 68.5416 10.2512 -95.17 46.4641 -42.7009 88.5079 -63.669 -60.4924 34.3659 21.8501 -55.3099 17.0315 -60.1137 63.5106 4.05974 -77.9656 -4.60359 45.4728 -18.2946 17.1846 -60.3619 49.351 19.7385 95.5339 56.7195 -84.8231 -22.3201 76.2805 -3.57821 53.0401 49.2374 91.1028 29.9242 15.6076 -32.5189 -65.5254 -9.18766 22.9826 -29.2502 25.9042 -29.9504 -60.2254 -31.4634 53.3073 -14.5448 75.3207 -96.6939 49.5081 86.4339 -31.001 -95.9177 26.4449 -51.155 -46.7193 57.2255 -94.6218 27.7581 41.9466 -81.2069 -30.9434 79.8702 -61.09 88.055 88.7504 94.512 -90.9477 1.6723 -9.66105 -13.3068 
-68.561 13.9602 32.5943 -78.7013 10.7513 76.5578 -22.4001 -92.2096 34.3659 92.5467 -54.8769 -32.2453 -20.9364 -32.1618 -4.1202 51.8388 54.5653 -56.4621 54.6463 -82.4294 14.5419 73.8027 -68.3145 40.0934 55.3715 28.7368 57.9619 6.37561 36.8922 -89.4922 -86.6544 86.8946 -10.2928 61.413 -5.70282 -15.2759 63.9178 -82.0092 -50.1363 47.2676 49.8273 -92.2261 97.6998 27.0272 33.6057 -82.6257 82.4833 98.6507 -30.1456 25.0904 -45.8826 61.1569 46.7375 50.5473 -70.1352 -67.7975 17.9843 -84.3105 79.5733 96.4916 -84.4801 0.272003 17.5597 -91.8524 43.0224 -18.8864 -29.2615 33.758 -98.1206 28.6648 
54.7288 -1.11488 -54.2591 -92.1689 -77.578 -95.7296 -81.1796 -21.3534 21.8501 -54.8769 34.978 12.9417 -91.1626 -45.3865 82.4796 36.5434 -10.9418 43.7602 -93.1328 -92.9085 -84.9778 -48.685 84.5053 27.1139 -92.2179 38.4963 -56.8044 44.9904 -8.37247 61.8756 46.4581 -91.0929 -63.0274 -2.22796 -23.3289 -49.4754 67.4987 -89.1193 42.0521 -90.5736 -47.301 -17.8362 -0.302221 68.5752 -14.473 93.5442 78.0912 -63.908 47.6337 64.9962 25.1946 -76.0762 70.9606 80.5961 60.296 30.8342 64.3091 -38.3526 96.253 64.7415 -98.173 -59.2256 -58.3762 -38.1414 80.8187 40.7286 39.793 -43.3561 -45.569 -14.0951 
-80.3842 72.1419 56.0509 69.9092 -23.4169 20.5304 32.8354 86.8151 -55.3099 -32.2453 12.9417 -87.8351 42.7968 -47.4022 63.5461 7.26977 17.017 92.5602 -27.1947 -78.0127 -2.65932 52.8322 -78.9335 -35.4754 -56.9539 -91.9496 -6.6037 89.6892 32.7697 -76.2459 -8.89238 35.8286 53.8158 18.2541 94.166 34.2432 -61.0923 49.6911 -6.49174 -8.6384 -51.6083 57.41 35.3689 49.3476 -36.9048 75.5815 -70.2662 -92.401 -70.0043 -45.5168 71.2942 -54.275 -14.4241 -73.1235 -0.0606455 -29.2687 -87.2256 -8.9679 -45.4505 -2.98845 65.1094 -51.6723 -28.4222 81.4817 94.3014 -66.0778 12.5364 26.7727 -84.487 83.6419 
-63.4604 -63.3731 -36.5189 31.3569 56.6572 -59.1252 37.8731 39.066 17.0315 -20.9364 -91.1626 42.7968 -30.9111 28.4329 97.233 -96.2753 -42.7038 27.5417 -30.7414 -88.755 27.5349 52.7044 -49.0462 -45.297 2.73865 92.4726 85.6027 56.9493 14.1973 24.7167 9.89663 12.6972 -41.7893 -45.9881 70.3749 -61.1752 41.7077 61.0553 -77.1573 -80.7685 12.4332 74.6739 -77.9942 -88.4174 -41.6385 -86.1546 -25.6424 74.6698 51.3824 -92.2606 -86.4039 -58.9181 -38.382 -2.27445 -12.7269 -61.5947 -78.8871 -47.0785 -39.5699 30.4707 92.3344 -59.8806 21.0938 -95.2641 -75.0762 48.988 56.9561 -68.1265 31.213 94.2627 
47.3618 -69.4646 26.329 -60.6579 55.1433 44.8807 -37.0297 14.9739 -60.1137 -32.1618 -45.3865 -47.4022 28.4329 75.0767 -40.0591 -72.6506 28.1041 -82.2851 65.0921 52.204 54.1326 -2.88672 -7.1378 22.9774 81.2241 -76.5311 -49.7124 43.3779 16.2341 3.26037 -48.9994 -50.793 97.4264 -14.6733 93.4945 33.2446 -13.6842 85.4594 24.071 47.0694 85.0423 -56.7946 11.3665 -33.9388 29.1168 -89.6187 -34.7207 -44.0809 48.7897 90.4897 23.042 -21.8118 -92.5111 60.2022 37.9459 -0.449404 -29.1346 -10.5966 -95.5834 -96.6228 56.9447 -62.4206 -98.6094 -68.1045 5.07963 35.3279 -45.7999 65.0369 -82.5981 -47.8267 
50.4792 -84.1361 -18.8428 25.03 -44.2438 -69.2377 -44.854 8.8081 63.5106 -4.1202 82.4796 63.5461 97.233 -40.0591 56.9262 23.1857 17.5021 -70.6492 5.59945 59.8887 -81.8159 29.8401 -11.1959 -69.2064 98.2814 -98.9066 85.3024 -41.2902 25.9034 -44.2363 9.69461 -16.7055 -5.21483 68.3852 -40.4576 -38.1486 -40.3492 0.587976 -17.8949 1.96308 -72.4629 14.2789 8.66391 84.3885 42.7739 -36.8239 47.97 -23.566 -74.2238 -79.1631 66.0982 -65.5277 -48.6705 -66.3756 -42.715 36.4554 93.5141 -32.7248 37.8809 94.0713 26.4166 67.3422 51.9185 7.97879 53.5553 -3.83622 72.5804 -19.3379 -93.7561 -74.8524 
-26.6125 40.911 -89.3212 -70.7171 82.4015 -31.7824 -75.5086 -66.3187 4.05974 51.8388 36.5434 7.26977 -96.2753 -72.6506 23.1857 47.8471 88.851 2.97972 -13.8772 10.6882 49.9496 -16.398 14.4818 53.7116 48.9048 45.4846 -18.7086 -11.0868 -18.344 -21.1923 23.5745 18.3163 -48.0551 -20.5545 50.4494 66.8537 -40.0315 -5.58038 62.5868 -76.8953 -33.5867 6.27221 81.0076 46.331 -49.5866 -19.3227 -35.8517 -45.0863 -18.8972 -13.5574 38.9338 -29.7112 0.376651 -5.62032 -14.723 51.0793 -38.7392 -65.9979 -30.2985 28.4813 -79.5134 -79.7384 -98.5535 78.7117 69.9083 16.7114 -93.0578 -19.6982 -11.7916 15.9509 
5.84933 -63.1231 14.1881 52.2167 -87.2574 36.3708 -90.3368 -76.3261 -77.9656 54.5653 -10.9418 17.017 -42.7038 28.1041 17.5021 88.851 -5.52126 66.2163 -60.6475 1.54523 32.7627 4.73136 -76.0435 26.4996 77.1773 21.5275 66.273 -98.0768 -26.8034 -34.7915 -46.7694 5.93721 -5.30985 55.4216 78.5189 -2.58655 87.9342 38.3501 59.636 26.4588 -15.6039 95.3932 68.3402 -4.60448 30.567 -70.1674 -15.999 -11.9745 -86.8843 -13.6073 -7.85442 56.7766 83.0556 15.1086 94.7968 -56.2626 42.0186 -59.4906 42.1042 -6.93544 57.9944 -42.1918 -80.404 -0.373234 63.0601 -42.4608 -46.6287 -3.94166 82.4693 62.0101 
-96.3653 -25.7693 68.1715 70.3662 51.6665 57.746 -26.4375 29.7105 -4.60359 -56.4621 43.7602 92.5602 27.5417 -82.2851 -70.6492 2.97972 66.2163 -67.529 -23.7515 -23.2464 -47.6548 -24.9535 -28.9889 61.0005 -9.0269 -47.1414 90.4108 81.9046 74.5576 -52.7668 -10.3913 -10.9274 86.8549 -84.4816 -25.0256 -52.6098 55.2844 -48.7315 94.9338 68.0126 33.0927 7.51181 -73.0726 62.3958 78.0015 13.3272 51.777 5.31813 83.8274 -81.3617 -57.9515 -28.365 53.5128 73.5157 58.5254 -27.2715 18.4624 31.3784 -95.0522 -79.0386 -19.7242 -53.3303 24.3544 59.0401 -88.6294 -39.861 87.838 4.75018 42.245 -16.4021 
28.3748 -77.987 -68.3429 -9.28747 -69.7726 -58.741 -22.6909 -11.3604 45.4728 54.6463 -93.1328 -27.1947 -30.7414 65.0921 5.59945 -13.8772 -60.6475 -23.7515 -54.3942 -37.3822 -28.2668 -77.7533 0.0219718 -26.7199 -16.7712 77.7937 85.4791 -40.1226 47.6109 78.5466 66.9351 -57.2124 -81.4715 76.69 -51.5946 89.1707 30.6783 18.7599 81.1844 48.9552 -98.0659 -41.2771 47.3514 73.045 67.5299 38.6914 54.0978 6.25528 -5.554 -88.0418 -63.8684 -78.6584 34.219 -71.2743 -7.81106 -6.53882 -7.97102 77.0979 72.2515 -2.97741 52.7153 -63.8345 95.816 45.7528 -64.9181 -98.4424 -33.22 31.0224 59.4608 52.2809 
-87.0422 33.2247 -41.6316 -70.4605 85.8241 -31.3166 -17.4232 -61.6685 -18.2946 -82.4294 -92.9085 -78.0127 -88.755 52.204 59.8887 10.6882 1.54523 -23.2464 -37.3822 -38.5675 47.4338 72.3505 76.8833 30.029 -4.00828 -47.0808 -78.8048 -49.7704 58.4462 26.7068 -5.37568 -61.1365 98.6415 14.1862 36.0277 32.9659 53.1712 73.8441 33.1802 92.3502 7.51218 -66.7765 -48.8736 82.8375 -86.5666 -20.8325 -67.7094 -86.002 -36.3475 -61.6547 -96.2322 86.9631 -47.5178 -97.4587 65.0926 60.9578 65.4117 79.1774 -24.0479 -55.802 61.5119 72.9663 -68.1689 -86.2336 32.1076 83.101 -12.7484 -26.3915 -41.5988 -13.7276 
-94.3686 48.1137 30.222 7.55088 16.0932 -53.2682 10.6506 68.0793 17.1846 14.5419 -84.9778 -2.65932 27.5349 54.1326 -81.8159 49.9496 32.7627 -47.6548 -28.2668 47.4338 -49.7799 97.173 82.7525 68.6316 -56.7527 -76.0332 1.69458 -31.2416 18.4467 -34.5794 -45.9916 11.2956 -37.0535 -47.9682 53.872 -27.8407 -44.9263 96.3865 -67.3576 85.2622 76.5843 -44.9459 -36.4932 62.7012 62.4505 6.86484 -56.5951 -1.31699 41.3987 16.7244 -73.6149 56.0234 94.8928 -26.3198 -25.568 -61.8846 -1.13915 60.3653 7.35277 25.9487 -73.7639 -71.4453 88.5359 52.9202 14.1256 7.0867 -89.8518 6.68735 -69.7149 65.8854 
-73.0831 14.1486 70.9598 -10.2905 10.0617 77.1596 13.4259 -33.682 -60.3619 73.8027 -48.685 52.8322 52.7044 -2.88672 29.8401 -16.398 4.73136 -24.9535 -77.7533 72.3505 97.173 -78.1865 44.9273 -79.381 -32.4964 -82.7267 -31.7279 -36.6967 8.39914 -9.71273 -89.8927 -86.3108 -78.0766 -87.4269 -26.4959 -14.0101 -46.3056 80.1973 89.2317 64.6013 -77.4127 -16.6518 -92.5714 36.8693 -77.8912 59.1277 -3.43768 38.8657 13.7123 -8.82341 6.99946 27.9478 63.2373 -34.2502 -56.7502 -34.3732 53.5501 -91.9322 87.7757 -51.5261 52.7639 -38.7069 81.5581 -7.46248 -87.9328 -14.0102 -46.9564 31.5148 19.0931 -60.7436 
84.771 -2.26734 66.6898 -98.598 14.8801 -79.1186 -71.6558 -11.5882 49.351 -68.3145 84.5053 -78.9335 -49.0462 -7.1378 -11.1959 14.4818 -76.0435 -28.9889 0.0219718 76.8833 82.7525 44.9273 -30.3361 -9.29772 -44.8017 12.4794 59.8197 -53.9336 -17.4704 8.20019 12.6342 86.1599 -82.8701 -65.9202 86.4545 -80.4313 -63.5957 -48.9737 -14.5836 18.0491 14.4781 -8.62501 -24.4747 97.896 -42.2422 62.6366 -32.4393 84.98 84.7633 7.12581 -26.4979 -47.8926 -60.9056 18.744 12.975 73.3834 13.1507 56.5026 30.7758 73.3184 -89.8048 5.08864 -11.1548 27.5217 29.7114 3.32384 27.8435 91.0538 -0.289292 87.8755 
-61.3274 -91.1349 -22.8859 -75.2253 15.4488 21.6029 -83.3188 69.4208 19.7385 40.0934 27.1139 -35.4754 -45.297 22.9774 -69.2064 53.7116 26.4996 61.0005 -26.7199 30.029 68.6316 -79.381 -9.29772 41.1562 98.1222 -2.95037 -86.8428 88.9722 59.5398 -6.18502 -1.54948 93.8122 27.0019 4.66242 -46.672 59.9363 -74.3571 56.3978 52.0359 1.07571 61.5295 -28.0262 6.05736 34.0727 44.0302 89.052 14.2069 -12.1816 -3.66024 60.3174 -5.15628 62.424 -41.5092 -90.4018 68.1793 63.6182 30.3266 46.5416 -73.722 38.8978 -41.2148 -92.6739 95.2784 -79.7656 37.4869 6.93079 61.8164 41.7609 -33.9889 -21.3486 
58.1572 23.3076 70.0062 -81.7101 69.4002 -52.3198 -83.607 -59.2449 95.5339 55.3715 -92.2179 -56.9539 2.73865 81.2241 98.2814 48.9048 77.1773 -9.0269 -16.7712 -4.00828 -56.7527 -32.4964 -44.8017 98.1222 -30.6868 37.7752 -97.951 -90.5081 64.2983 -22.3013 -4.60714 -14.2418 19.5895 -32.5314 -76.763 12.6232 -97.526 -75.5947 46.4504 -22.8489 98.3124 26.2744 53.8621 3.61685 2.45413 62.5697 30.528 66.7876 36.8592 -50.1016 37.219 58.2215 13.0286 -16.6524 94.7254 -68.3682 -71.1513 79.6283 31.5472 -30.6521 26.1538 7.29391 26.745 43.029 93.1652 43.1912 46.676 7.29245 2.16645 -20.5008 
-77.7252 87.5795 78.9049 25.8986 -8.50361 -21.0069 23.4691 12.4823 56.7195 28.7368 38.4963 -91.9496 92.4726 -76.5311 -98.9066 45.4846 21.5275 -47.1414 77.7937 -47.0808 -76.0332 -82.7267 12.4794 -2.95037 37.7752 -36.7259 -85.4578 2.88777 24.7849 -32.4158 83.7909 97.8561 80.0657 57.0505 -66.9044 -20.804 14.8384 -91.2326 -33.738 37.1751 -86.8889 -91.2201 -21.738 -40.7507 -14.3322 84.9856 -18.231 96.276 54.0284 27.5331 23.5529 52.1574 64.1334 -22.2651 9.85314 73.6805 56.2919 53.1927 39.7674 -77.7695 -74.637 -93.4259 -69.7661 -2.99267 -5.79038 97.1404 -70.0629 -41.1765 -44.1824 -73.9289 
76.1853 17.0599 -48.8839 74.1782 35.7921 -28.3622 28.7801 -89.3657 -84.8231 57.9619 -56.8044 -6.6037 85.6027 -49.7124 85.3024 -18.7086 66.273 90.4108 85.4791 -78.8048 1.69458 -31.7279 59.8197 -86.8428 -97.951 -85.4578 -73.0641 7.48935 -54.4813 82.8364 93.7197 56.6932 66.0519 -52.2743 -48.681 -46.3015 -50.0998 66.6525 -54.8864 6.59156 -95.7325 -27.8549 -86.0328 40.8059 -47.7981 -56.3782 79.6073 73.3689 -33.381 97.1902 -23.7628 -15.6762 68.0347 9.33342 50.7235 -77.6532 98.5882 -90.4633 25.6001 7.31395 -32.4805 -13.82 -18.1392 54.5209 -11.6538 -43.5763 15.0974 -93.3009 52.3724 -84.8646 
-19.2164 22.1164 -89.8151 -92.8146 33.9892 -96.7263 -6.20426 59.2956 -22.3201 6.37561 44.9904 89.6892 56.9493 43.3779 -41.2902 -11.0868 -98.0768 81.9046 -40.1226 -49.7704 -31.2416 -36.6967 -53.9336 88.9722 -90.5081 2.88777 7.48935 73.3747 64.7596 8.32757 -24.5023 29.8945 -87.4587 33.7247 -62.2089 92.676 -59.8169 -96.3071 16.4073 -56.5062 -92.4151 89.319 -51.3496 49.1044 34.4391 63.6465 -87.8638 -43.2887 96.2758 51.6404 86.9863 -53.2318 95.7465 65.2594 93.3458 -88.3061 47.8358 96.7311 -18.4343 44.3805 36.9458 20.8786 50.0008 52.1267 -56.0563 -53.5481 -73.7148 -39.0794 -41.9464 85.332 
-32.7594 65.1612 29.4211 -91.5767 26.2904 98.497 70.9284 46.5339 76.2805 36.8922 -8.37247 32.7697 14.1973 16.2341 25.9034 -18.344 -26.8034 74.5576 47.6109 58.4462 18.4467 8.39914 -17.4704 59.5398 64.2983 24.7849 -54.4813 64.7596 61.3546 3.56057 46.567 -43.2306 83.3817 -48.4239 -79.7528 55.1601 39.8539 -9.9522 43.357 60.7677 38.375 83.2812 44.4209 -75.147 45.6904 74.6222 43.4013 14.1912 -78.1564 -43.0889 88.9432 -31.4255 95.419 -92.8847 -81.7459 19.3151 -91.6419 17.3699 83.7861 17.3285 -17.4886 -98.6118 88.97 22.3086 -70.9108 -35.8968 -10.7456 -25.596 61.4071 93.1261 
50.1919 26.6491 73.6971 -75.2029 -73.46 -38.1708 -64.9283 -4.11427 -3.57821 -89.4922 61.8756 -76.2459 24.7167 3.26037 -44.2363 -21.1923 -34.7915 -52.7668 78.5466 26.7068 -34.5794 -9.71273 8.20019 -6.18502 -22.3013 -32.4158 82.8364 8.32757 3.56057 -19.9938 -29.8955 69.9573 47.895 -97.4798 -91.6048 45.3274 -86.8529 -80.1426 37.08 97.6408 25.2108 -2.5981 91.7713 -19.1176 43.7851 -69.686 -42.64 -88.5823 -40.4168 52.3345 69.8181 85.1076 51.3599 -73.9823 19.0513 29.6096 74.8133 87.442 82.189 -95.6996 -69.7001 -82.3658 93.4705 27.5224 40.833 12.5715 23.7641 37.9892 -65.5376 -17.0486 
94.6209 16.2552 -60.4029 96.1489 86.0485 -16.2397 -72.2241 -46.6182 53.0401 -86.6544 46.4581 -8.89238 9.89663 -48.9994 9.69461 23.5745 -46.7694 -10.3913 66.9351 -5.37568 -45.9916 -89.8927 12.6342 -1.54948 -4.60714 83.7909 93.7197 -24.5023 46.567 -29.8955 -30.2801 -57.8874 58.49 -29.2418 -30.9346 30.0977 -38.2038 23.0099 33.2548 -40.6572 -27.1899 2.80474 15.2132 69.5372 -82.8281 45.6517 17.9781 10.5886 -39.9511 -39.911 40.4129 78.9559 15.274 -95.7036 61.5933 54.8153 -13.9057 -73.8989 34.6418 -93.5751 -1.8955 20.2747 -0.669282 37.3832 46.1618 77.4321 -53.4304 -73.9189 95.1907 29.2616 
-42.4516 -38.2824 -45.3177 96.9759 25.7346 -96.5708 67.7665 -26.0411 49.2374 86.8946 -91.0929 35.8286 12.6972 -50.793 -16.7055 18.3163 5.93721 -10.9274 -57.2124 -61.1365 11.2956 -86.3108 86.1599 93.8122 -14.2418 97.8561 56.6932 29.8945 -43.2306 69.9573 -57.8874 -31.776 -52.9868 54.3382 86.4987 68.0991 -97.1752 79.0592 -29.421 -72.163 -93.5599 55.073 -38.8263 54.2347 -69.9117 -74.5836 11.831 52.0984 61.7219 38.4499 -43.9337 -52.0073 84.0677 -2.25256 -40.8593 -57.9114 51.5249 -72.3992 95.0748 61.9845 95.4098 -49.413 -71.4961 26.6947 -10.6906 -91.3152 -37.0059 -39.919 -94.6227 12.7453 
-89.7254 87.7363 51.4252 -61.3938 89.4627 -59.4874 56.2899 -92.2839 91.1028 -10.2928 -63.0274 53.8158 -41.7893 97.4264 -5.21483 -48.0551 -5.30985 86.8549 -81.4715 98.6415 -37.0535 -78.0766 -82.8701 27.0019 19.5895 80.0657 66.0519 -87.4587 83.3817 47.895 58.49 -52.9868 -24.9955 56.5295 87.3659 -9.03099 82.1437 -64.0569 -77.8422 89.8432 46.7067 -71.2168 -30.6119 -90.9769 -92.5054 -42.2683 20.131 -39.7925 50.9926 88.7765 -60.5454 -65.0505 51.6385 53.5145 -96.0441 80.9045 96.3752 -59.5751 7.04584 15.4212 2.11 20.6972 -28.1969 -90.7392 -57.0615 79.4086 -97.8756 -10.777 40.665 -39.4006 
-47.4267 77.9442 32.7992 -66.9068 -12.651 95.4468 19.5194 -82.2659 29.9242 61.413 -2.22796 18.2541 -45.9881 -14.6733 68.3852 -20.5545 55.4216 -84.4816 76.69 14.1862 -47.9682 -87.4269 -65.9202 4.66242 -32.5314 57.0505 -52.2743 33.7247 -48.4239 -97.4798 -29.2418 54.3382 56.5295 -94.6822 1.99848 -71.5494 -76.6609 -53.9756 67.2608 69.9688 42.8243 18.5802 30.8024 -73.4579 -76.1955 46.1135 57.2291 -33.8084 41.4117 37.0489 -28.583 -47.2854 47.0633 -17.7441 -37.2891 -48.2357 -86.0624 -60.153 -3.05882 70.3394 -63.2215 -95.8689 54.8918 83.8676 0.37229 -78.9298 26.9201 16.116 -3.18654 -96.1864 
46.6743 40.7738 24.2914 -59.7646 27.307 -21.7298 -22.8276 -9.36156 15.6076 -5.70282 -23.3289 94.166 70.3749 93.4945 -40.4576 50.4494 78.5189 -25.0256 -51.5946 36.0277 53.872 -26.4959 86.4545 -46.672 -76.763 -66.9044 -48.681 -62.2089 -79.7528 -91.6048 -30.9346 86.4987 87.3659 1.99848 64.5065 -87.6861 -26.4545 87.6969 10.0453 -63.1121 -38.9382 -44.3902 -1.46391 -51.9783 -23.0274 68.4086 -42.3083 -58.0497 -94.8169 -82.8977 63.7544 -56.0587 -93.8027 -65.2251 87.7485 85.8672 -52.1842 80.6036 -11.8825 72.5544 -59.612 -19.0552 -94.6503 -55.814 57.7745 24.0703 35.0149 39.0164 -27.8473 43.17 
-20.2614 7.57221 -9.73075 -9.52937 -15.2756 97.9916 60.1075 70.2298 -32.5189 -15.2759 -49.4754 34.2432 -61.1752 33.2446 -38.1486 66.8537 -2.58655 -52.6098 89.1707 32.9659 -27.8407 -14.0101 -80.4313 59.9363 12.6232 -20.804 -46.3015 92.676 55.1601 45.3274 30.0977 68.0991 -9.03099 -71.5494 -87.6861 85.5859 -27.0182 -81.7124 -12.6699 -92.9356 53.5343 38.4829 -83.8698 -37.5384 -79.9277 84.3465 -68.5392 25.081 -6.20429 70.5146 -88.805 -22.0551 -23.2313 7.01708 -71.9769 64.1117 9.24538 -42.8594 -13.2502 53.3555 4.19836 73.7967 29.4932 98.0618 -27.3354 -66.8832 -60.5415 1.39567 92.9844 -25.5647 
27.2311 -47.8058 3.23077 21.8233 68.937 -19.7206 30.8244 74.795 -65.5254 63.9178 67.4987 -61.0923 41.7077 -13.6842 -40.3492 -40.0315 87.9342 55.2844 30.6783 53.1712 -44.9263 -46.3056 -63.5957 -74.3571 -97.526 14.8384 -50.0998 -59.8169 39.8539 -86.8529 -38.2038 -97.1752 82.1437 -76.6609 -26.4545 -27.0182 -5.16076 -12.8736 47.0634 -14.8076 15.0044 -73.5628 -57.9464 57.4422 -17.3825 -98.0501 25.6089 -43.0645 -94.9868 31.6821 58.5893 55.5777 -69.2783 77.456 -46.377 67.774 -17.0571 25.7002 -92.5785 -83.3906 96.0347 -41.1859 -3.86102 51.8888 -94.5173 2.16838 11.9064 -66.4727 -90.5854 -46.5709 
94.6889 11.7465 47.5831 88.7019 -71.9318 8.02544 98.2244 -22.2166 -9.18766 -82.0092 -89.1193 49.6911 61.0553 85.4594 0.587976 -5.58038 38.3501 -48.7315 18.7599 73.8441 96.3865 80.1973 -48.9737 56.3978 -75.5947 -91.2326 66.6525 -96.3071 -9.9522 -80.1426 23.0099 79.0592 -64.0569 -53.9756 87.6969 -81.7124 -12.8736 -22.4904 -13.91 52.9146 -80.7747 -93.0387 -94.908 -31.473 89.0046 10.5385 -89.9362 -25.1896 -38.0366 61.0308 -92.7708 51.8198 -66.1514 -37.2638 -18.4231 34.9384 -58.478 31.8883 -39.4848 75.3815 -65.2054 23.4542 -22.4826 -81.3203 43.5061 -7.17576 -20.983 -23.5031 -6.02007 -1.30366 
-87.809 17.522 6.77953 70.0662 30.1801 45.5768 -66.4237 32.8113 22.9826 -50.1363 42.0521 -6.49174 -77.1573 24.071 -17.8949 62.5868 59.636 94.9338 81.1844 33.1802 -67.3576 89.2317 -14.5836 52.0359 46.4504 -33.738 -54.8864 16.4073 43.357 37.08 33.2548 -29.421 -77.8422 67.2608 10.0453 -12.6699 47.0634 -13.91 67.4476 42.0729 61.8763 58.4041 -86.1808 -70.6645 -54.9223 -3.00756 -58.1146 1.5541 -16.235 -18.1414 17.8382 35.367 17.9647 -17.7553 -27.1776 12.4044 -13.6153 56.4303 4.46483 -1.61851 -76.2156 -93.7287 -10.57 -43.6933 28.1138 80.2067 49.4356 55.863 -26.2191 84.1833 
85.961 65.9125 93.6273 96.8823 -38.3125 -52.4087 -58.3357 29.1477 -29.2502 47.2676 -90.5736 -8.6384 -80.7685 47.0694 1.96308 -76.8953 26.4588 68.0126 48.9552 92.3502 85.2622 64.6013 18.0491 1.07571 -22.8489 37.1751 6.59156 -56.5062 60.7677 97.6408 -40.6572 -72.163 89.8432 69.9688 -63.1121 -92.9356 -14.8076 52.9146 42.0729 -38.5566 33.1569 96.1426 -8.85079 -57.1621 -27.0421 -86.4568 41.9155 -10.0057 -63.9424 64.2758 -4.12686 -60.1322 -49.5743 -11.6678 -80.5051 83.4404 -51.5755 13.8416 -14.4282 55.8549 34.6643 86.2334 -34.8598 -6.10117 21.6481 -85.0101 3.06534 39.1676 -59.3653 -30.593 
-59.1441 -18.7699 87.931 -50.7768 -22.8224 68.4487 47.6107 33.2813 25.9042 49.8273 -47.301 -51.6083 12.4332 85.0423 -72.4629 -33.5867 -15.6039 33.0927 -98.0659 7.51218 76.5843 -77.4127 14.4781 61.5295 98.3124 -86.8889 -95.7325 -92.4151 38.375 25.2108 -27.1899 -93.5599 46.7067 42.8243 -38.9382 53.5343 15.0044 -80.7747 61.8763 33.1569 30.025 -71.5191 37.0141 -19.6952 39.0034 -47.9719 -8.12372 84.5658 53.653 53.6526 47.7067 -92.9709 54.0201 85.59 40.4678 11.481 -89.5371 -50.713 56.1458 -26.3493 73.1514 73.0287 -8.94986 59.7189 33.5248 -57.4843 -97.1213 -5.63351 -38.4722 65.7421 
-74.2787 -52.2868 -16.1656 -25.0469 -50.8828 36.5666 75.1824 8.36146 -29.9504 -92.2261 -17.8362 57.41 74.6739 -56.7946 14.2789 6.27221 95.3932 7.51181 -41.2771 -66.7765 -44.9459 -16.6518 -8.62501 -28.0262 26.2744 -91.2201 -27.8549 89.319 83.2812 -2.5981 2.80474 55.073 -71.2168 18.5802 -44.3902 38.4829 -73.5628 -93.0387 58.4041 96.1426 -71.5191 86.7926 57.707 76.838 60.0416 -86.9455 -52.4379 -26.5565 -43.7941 -81.3215 23.953 43.5497 -66.1182 -72.4813 -96.5064 32.9478 -53.1279 58.9034 -9.80941 67.3218 -91.9651 -69.8295 -78.8283 -48.7239 25.261 49.6603 70.3052 -45.0127 29.9794 -46.8728 
-11.3349 -61.0592 -39.2426 -15.0573 -25.5528 -17.0974 -45.6354 -48.8786 -60.2254 97.6998 -0.302221 35.3689 -77.9942 11.3665 8.66391 81.0076 68.3402 -73.0726 47.3514 -48.8736 -36.4932 -92.5714 -24.4747 6.05736 53.8621 -21.738 -86.0328 -51.3496 44.4209 91.7713 15.2132 -38.8263 -30.6119 30.8024 -1.46391 -83.8698 -57.9464 -94.908 -86.1808 -8.85079 37.0141 57.707 50.0356 42.024 30.7811 -36.6383 -0.512492 98.5418 -77.3075 -31.2128 -92.0328 -19.067 -95.3613 72.1634 -96.9973 98.5743 72.9541 -74.7111 46.3579 7.45602 -20.6833 64.1742 69.0842 26.8859 36.1084 3.86059 -59.0093 12.1222 -3.44656 87.617 
-28.9487 12.7705 -12.1977 -23.9926 -4.09488 -57.712 57.795 -0.992379 -31.4634 27.0272 68.5752 49.3476 -88.4174 -33.9388 84.3885 46.331 -4.60448 62.3958 73.045 82.8375 62.7012 36.8693 97.896 34.0727 3.61685 -40.7507 40.8059 49.1044 -75.147 -19.1176 69.5372 54.2347 -90.9769 -73.4579 -51.9783 -37.5384 57.4422 -31.473 -70.6645 -57.1621 -19.6952 76.838 42.024 53.5124 67.3281 12.9086 -53.4177 -58.753 -35.8582 42.7496 -49.1708 38.3265 59.4211 -20.9348 -5.07137 -94.485 -48.6972 78.6434 -88.767 23.8563 3.49874 -2.688 -33.1635 -8.67555 -82.0095 -56.0992 16.1006 -62.8901 -69.5962 80.2106 
-55.4716 2.53919 -77.3088 83.1577 81.3353 36.2257 -27.8999 -46.9122 53.3073 33.6057 -14.473 -36.9048 -41.6385 29.1168 42.7739 -49.5866 30.567 78.0015 67.5299 -86.5666 62.4505 -77.8912 -42.2422 44.0302 2.45413 -14.3322 -47.7981 34.4391 45.6904 43.7851 -82.8281 -69.9117 -92.5054 -76.1955 -23.0274 -79.9277 -17.3825 89.0046 -54.9223 -27.0421 39.0034 60.0416 30.7811 67.3281 -82.8527 28.1244 61.6311 95.8345 -39.6055 26.0876 81.6788 42.2963 54.5276 -95.8961 -6.14884 12.4645 6.92367 -57.9337 72.3214 -16.6606 -42.3851 37.8598 -63.0151 7.62117 -16.9957 66.6043 -74.3594 17.1645 -2.16072 -81.2027 
70.0787 -91.8584 -53.3864 -51.1834 10.4917 -4.14736 -49.5692 -17.0932 -14.5448 -82.6257 93.5442 75.5815 -86.1546 -89.6187 -36.8239 -19.3227 -70.1674 13.3272 38.6914 -20.8325 6.86484 59.1277 62.6366 89.052 62.5697 84.9856 -56.3782 63.6465 74.6222 -69.686 45.6517 -74.5836 -42.2683 46.1135 68.4086 84.3465 -98.0501 10.5385 -3.00756 -86.4568 -47.9719 -86.9455 -36.6383 12.9086 28.1244 40.9296 50.9923 83.5388 19.1052 -54.3564 4.62417 -95.6315 85.71 78.7656 -15.0479 -63.9018 -44.8278 -31.5091 75.8972 87.449 0.763884 -31.4038 64.3811 -16.6052 96.1903 0.132871 55.166 -59.7142 45.5478 53.27 
-89.9669 -57.4442 71.4735 70.391 -83.1974 -8.75087 75.0475 12.2456 75.3207 82.4833 78.0912 -70.2662 -25.6424 -34.7207 47.97 -35.8517 -15.999 51.777 54.0978 -67.7094 -56.5951 -3.43768 -32.4393 14.2069 30.528 -18.231 79.6073 -87.8638 43.4013 -42.64 17.9781 11.831 20.131 57.2291 -42.3083 -68.5392 25.6089 -89.9362 -58.1146 41.9155 -8.12372 -52.4379 -0.512492 -53.4177 61.6311 50.9923 -46.8691 -85.3907 -57.7908 98.6773 21.2424 27.4148 13.7867 53.6898 79.1261 -94.237 -39.0377 65.7887 78.7181 -21.6234 -95.1047 29.5571 -16.5373 48.7595 -21.6977 43.4643 81.9053 85.6467 3.54672 11.7224 
52.9214 -16.7913 -10.465 12.0518 -22.2028 38.1065 62.6661 90.368 -96.6939 98.6507 -63.908 -92.401 74.6698 -44.0809 -23.566 -45.0863 -11.9745 5.31813 6.25528 -86.002 -1.31699 38.8657 84.98 -12.1816 66.7876 96.276 73.3689 -43.2887 14.1912 -88.5823 10.5886 52.0984 -39.7925 -33.8084 -58.0497 25.081 -43.0645 -25.1896 1.5541 -10.0057 84.5658 -26.5565 98.5418 -58.753 95.8345 83.5388 -85.3907 8.9407 -15.6397 88.162 -94.0734 -61.3388 64.2103 82.4164 -35.5747 56.8371 -88.0799 86.3203 40.0765 -29.7567 27.51 30.7948 -3.18848 69.2824 -9.30525 26.6532 83.9861 11.9391 87.226 14.5775 
33.3099 -60.9126 -60.6594 1.31234 68.2121 -73.4433 67.2489 -43.2978 49.5081 -30.1456 47.6337 -70.0043 51.3824 48.7897 -74.2238 -18.8972 -86.8843 83.8274 -5.554 -36.3475 41.3987 13.7123 84.7633 -3.66024 36.8592 54.0284 -33.381 96.2758 -78.1564 -40.4168 -39.9511 61.7219 50.9926 41.4117 -94.8169 -6.20429 -94.9868 -38.0366 -16.235 -63.9424 53.653 -43.7941 -77.3075 -35.8582 -39.6055 19.1052 -57.7908 -15.6397 78.4756 60.6592 -3.04088 -24.0826 -44.3914 -21.7825 2.77305 76.5696 -94.0563 28.1763 -56.6342 -64.9204 60.8171 76.7287 4.67753 9.30782 16.4557 -34.5399 24.5836 -49.998 -4.32557 -33.8059 
93.7745 -97.7146 -0.383782 78.5453 20.9455 -29.8543 67.7655 -56.2301 86.4339 25.0904 64.9962 -45.5168 -92.2606 90.4897 -79.1631 -13.5574 -13.6073 -81.3617 -88.0418 -61.6547 16.7244 -8.82341 7.12581 60.3174 -50.1016 27.5331 97.1902 51.6404 -43.0889 52.3345 -39.911 38.4499 88.7765 37.0489 -82.8977 70.5146 31.6821 61.0308 -18.1414 64.2758 53.6526 -81.3215 -31.2128 42.7496 26.0876 -54.3564 98.6773 88.162 60.6592 84.7082 69.8775 92.732 88.2825 -48.6473 -73.2502 47.1731 46.8417 21.1703 3.11052 6.4541 -29.9603 -29.211 91.1952 -0.927774 48.9011 -16.6971 -61.6399 -45.69 -68.605 -90.6775 
-11.8618 -77.9846 83.7773 44.6702 -13.7599 -30.0455 37.9656 -6.06074 -31.001 -45.8826 25.1946 71.2942 -86.4039 23.042 66.0982 38.9338 -7.85442 -57.9515 -63.8684 -96.2322 -73.6149 6.99946 -26.4979 -5.15628 37.219 23.5529 -23.7628 86.9863 88.9432 69.8181 40.4129 -43.9337 -60.5454 -28.583 63.7544 -88.805 58.5893 -92.7708 17.8382 -4.12686 47.7067 23.953 -92.0328 -49.1708 81.6788 4.62417 21.2424 -94.0734 -3.04088 69.8775 -11.1289 65.972 -9.3449 -45.6762 -33.074 -89.1433 35.0576 -34.5762 8.12118 70.6089 -88.959 -35.5721 -98.2058 -16.993 -84.9226 87.6573 -61.3202 -18.5044 55.3084 -41.0428 
24.2367 72.0412 66.6145 -44.3306 1.54433 -74.2442 -66.4808 -90.7749 -95.9177 61.1569 -76.0762 -54.275 -58.9181 -21.8118 -65.5277 -29.7112 56.7766 -28.365 -78.6584 86.9631 56.0234 27.9478 -47.8926 62.424 58.2215 52.1574 -15.6762 -53.2318 -31.4255 85.1076 78.9559 -52.0073 -65.0505 -47.2854 -56.0587 -22.0551 55.5777 51.8198 35.367 -60.1322 -92.9709 43.5497 -19.067 38.3265 42.2963 -95.6315 27.4148 -61.3388 -24.0826 92.732 65.972 24.8643 -84.1951 38.749 32.7536 49.6303 -36.8258 16.5546 42.6493 47.2102 76.4403 -90.3622 -57.5255 3.69965 7.9922 80.8299 30.6977 -52.5341 -58.0908 6.10946 
60.6481 26.3446 97.6578 10.1492 17.6028 -26.7792 -29.3487 -63.6729 26.4449 46.7375 70.9606 -14.4241 -38.382 -92.5111 -48.6705 0.376651 83.0556 53.5128 34.219 -47.5178 94.8928 63.2373 -60.9056 -41.5092 13.0286 64.1334 68.0347 95.7465 95.419 51.3599 15.274 84.0677 51.6385 47.0633 -93.8027 -23.2313 -69.2783 -66.1514 17.9647 -49.5743 54.0201 -66.1182 -95.3613 59.4211 54.5276 85.71 13.7867 64.2103 -44.3914 88.2825 -9.3449 -84.1951 -80.2472 60.5266 -53.8377 10.0487 -4.95636 56.4287 -22.1871 -64.6653 -8.09102 40.1947 -23.1858 -19.7444 4.28363 -77.0579 6.09656 98.8058 3.03925 -3.36893 
9.40129 45.3763 -85.0608 -98.5589 37.5634 -23.4411 -46.3789 38.7878 -51.155 50.5473 80.5961 -73.1235 -2.27445 60.2022 -66.3756 -5.62032 15.1086 73.5157 -71.2743 -97.4587 -26.3198 -34.2502 18.744 -90.4018 -16.6524 -22.2651 9.33342 65.2594 -92.8847 -73.9823 -95.7036 -2.25256 53.5145 -17.7441 -65.2251 7.01708 77.456 -37.2638 -17.7553 -11.6678 85.59 -72.4813 72.1634 -20.9348 -95.8961 78.7656 53.6898 82.4164 -21.7825 -48.6473 -45.6762 38.749 60.5266 6.39181 -86.7774 -0.216276 -70.9486 -76.6169 91.5392 39.1192 -80.7738 -77.5781 -25.1106 -95.9617 79.5731 93.4465 20.1126 46.9093 -31.4471 -69.6014 
3.45852 -56.2907 -56.7304 -11.9287 -93.2432 46.2721 36.2531 91.3316 -46.7193 -70.1352 60.296 -0.0606455 -12.7269 37.9459 -42.715 -14.723 94.7968 58.5254 -7.81106 65.0926 -25.568 -56.7502 12.975 68.1793 94.7254 9.85314 50.7235 93.3458 -81.7459 19.0513 61.5933 -40.8593 -96.0441 -37.2891 87.7485 -71.9769 -46.377 -18.4231 -27.1776 -80.5051 40.4678 -96.5064 -96.9973 -5.07137 -6.14884 -15.0479 79.1261 -35.5747 2.77305 -73.2502 -33.074 32.7536 -53.8377 -86.7774 -7.42825 91.4648 -23.1569 69.9053 -33.0856 -86.4885 -94.3499 43.2545 -78.1336 -55.7049 -87.9746 74.4525 -36.0751 -37.7671 36.5579 33.8234 
-84.7242 -34.402 -97.7269 88.0641 31.6 -48.1859 60.1335 -84.0433 57.2255 -67.7975 30.8342 -29.2687 -61.5947 -0.449404 36.4554 51.0793 -56.2626 -27.2715 -6.53882 60.9578 -61.8846 -34.3732 73.3834 63.6182 -68.3682 73.6805 -77.6532 -88.3061 19.3151 29.6096 54.8153 -57.9114 80.9045 -48.2357 85.8672 64.1117 67.774 34.9384 12.4044 83.4404 11.481 32.9478 98.5743 -94.485 12.4645 -63.9018 -94.237 56.8371 76.5696 47.1731 -89.1433 49.6303 10.0487 -0.216276 91.4648 12.363 82.1725 23.5783 82.9618 23.6026 95.7162 -47.055 -41.8794 23.4029 -92.65 -95.9332 -35.6792 81.9542 -81.6068 -19.4193 
57.1408 -34.378 -85.7991 43.1433 64.9244 -41.1817 71.6642 16.414 -94.6218 17.9843 64.3091 -87.2256 -78.8871 -29.1346 93.5141 -38.7392 42.0186 18.4624 -7.97102 65.4117 -1.13915 53.5501 13.1507 30.3266 -71.1513 56.2919 98.5882 47.8358 -91.6419 74.8133 -13.9057 51.5249 96.3752 -86.0624 -52.1842 9.24538 -17.0571 -58.478 -13.6153 -51.5755 -89.5371 -53.1279 72.9541 -48.6972 6.92367 -44.8278 -39.0377 -88.0799 -94.0563 46.8417 35.0576 -36.8258 -4.95636 -70.9486 -23.1569 82.1725 -76.163 -1.12906 31.9651 63.7355 22.0071 9.85915 -23.3183 -68.4569 22.2433 19.6305 61.4245 -10.9114 -39.1748 -60.9519 
66.1179 -27.1433 8.11293 32.966 6.13895 66.6018 25.7594 56.5913 27.7581 -84.3105 -38.3526 -8.9679 -47.0785 -10.5966 -32.7248 -65.9979 -59.4906 31.3784 77.0979 79.1774 60.3653 -91.9322 56.5026 46.5416 79.6283 53.1927 -90.4633 96.7311 17.3699 87.442 -73.8989 -72.3992 -59.5751 -60.153 80.6036 -42.8594 25.7002 31.8883 56.4303 13.8416 -50.713 58.9034 -74.7111 78.6434 -57.9337 -31.5091 65.7887 86.3203 28.1763 21.1703 -34.5762 16.5546 56.4287 -76.6169 69.9053 23.5783 -1.12906 32.873 76.0968 77.0249 32.9562 89.3706 23.3395 29.516 85.1777 42.0513 94.4901 -62.6372 23.1044 37.0601 
66.9057 -6.2461 -67.997 55.2942 19.2519 82.5322 -87.0291 -61.937 41.9466 79.5733 96.253 -45.4505 -39.5699 -95.5834 37.8809 -30.2985 42.1042 -95.0522 72.2515 -24.0479 7.35277 87.7757 30.7758 -73.722 31.5472 39.7674 25.6001 -18.4343 83.7861 82.189 34.6418 95.0748 7.04584 -3.05882 -11.8825 -13.2502 -92.5785 -39.4848 4.46483 -14.4282 56.1458 -9.80941 46.3579 -88.767 72.3214 75.8972 78.7181 40.0765 -56.6342 3.11052 8.12118 42.6493 -22.1871 91.5392 -33.0856 82.9618 31.9651 76.0968 -38.5226 11.012 -50.6901 45.8852 -17.6544 84.0072 -29.1217 7.79556 -56.0207 -49.4192 21.6457 72.7276 
42.46 -38.1409 30.3438 -83.2155 33.8852 -68.8554 -72.0295 -89.1116 -81.2069 96.4916 64.7415 -2.98845 30.4707 -96.6228 94.0713 28.4813 -6.93544 -79.0386 -2.97741 -55.802 25.9487 -51.5261 73.3184 38.8978 -30.6521 -77.7695 7.31395 44.3805 17.3285 -95.6996 -93.5751 61.9845 15.4212 70.3394 72.5544 53.3555 -83.3906 75.3815 -1.61851 55.8549 -26.3493 67.3218 7.45602 23.8563 -16.6606 87.449 -21.6234 -29.7567 -64.9204 6.4541 70.6089 47.2102 -64.6653 39.1192 -86.4885 23.6026 63.7355 77.0249 11.012 79.3327 11.9464 10.3846 96.4513 30.5043 64.4637 -15.0745 83.42 1.22057 -77.8654 95.5928 
32.7983 89.3866 -58.9448 68.6799 60.9624 57.6378 -28.2245 -27.3464 -30.9434 -84.4801 -98.173 65.1094 92.3344 56.9447 26.4166 -79.5134 57.9944 -19.7242 52.7153 61.5119 -73.7639 52.7639 -89.8048 -41.2148 26.1538 -74.637 -32.4805 36.9458 -17.4886 -69.7001 -1.8955 95.4098 2.11 -63.2215 -59.612 4.19836 96.0347 -65.2054 -76.2156 34.6643 73.1514 -91.9651 -20.6833 3.49874 -42.3851 0.763884 -95.1047 27.51 60.8171 -29.9603 -88.959 76.4403 -8.09102 -80.7738 -94.3499 95.7162 22.0071 32.9562 -50.6901 11.9464 56.5245 3.64299 45.6927 -85.0371 -54.0237 51.1938 -93.6867 -97.1453 -12.3955 -35.8024 
8.93935 94.6699 -90.4937 -36.215 -54.7105 -95.2012 38.2722 -53.0526 79.8702 0.272003 -59.2256 -51.6723 -59.8806 -62.4206 67.3422 -79.7384 -42.1918 -53.3303 -63.8345 72.9663 -71.4453 -38.7069 5.08864 -92.6739 7.29391 -93.4259 -13.82 20.8786 -98.6118 -82.3658 20.2747 -49.413 20.6972 -95.8689 -19.0552 73.7967 -41.1859 23.4542 -93.7287 86.2334 73.0287 -69.8295 64.1742 -2.688 37.8598 -31.4038 29.5571 30.7948 76.7287 -29.211 -35.5721 -90.3622 40.1947 -77.5781 43.2545 -47.055 9.85915 89.3706 45.8852 10.3846 3.64299 -9.3577 -62.8534 -47.7629 -58.2215 -12.4661 -33.2006 -38.3485 -32.6122 -48.7363 
-38.4144 -11.3254 -89.3719 -14.047 -7.33261 -8.42671 -60.613 -61.1444 -61.09 17.5597 -58.3762 -28.4222 21.0938 -98.6094 51.9185 -98.5535 -80.404 24.3544 95.816 -68.1689 88.5359 81.5581 -11.1548 95.2784 26.745 -69.7661 -18.1392 50.0008 88.97 93.4705 -0.669282 -71.4961 -28.1969 54.8918 -94.6503 29.4932 -3.86102 -22.4826 -10.57 -34.8598 -8.94986 -78.8283 69.0842 -33.1635 -63.0151 64.3811 -16.5373 -3.18848 4.67753 91.1952 -98.2058 -57.5255 -23.1858 -25.1106 -78.1336 -41.8794 -23.3183 23.3395 -17.6544 96.4513 45.6927 -62.8534 15.8442 -16.2624 -82.6252 89.5961 50.8233 15.0833 65.5033 33.6381 
46.4092 -67.7934 -46.198 -71.9076 -83.2356 -57.7681 -12.9801 -34.5081 88.055 -91.8524 -38.1414 81.4817 -95.2641 -68.1045 7.97879 78.7117 -0.373234 59.0401 45.7528 -86.2336 52.9202 -7.46248 27.5217 -79.7656 43.029 -2.99267 54.5209 52.1267 22.3086 27.5224 37.3832 26.6947 -90.7392 83.8676 -55.814 98.0618 51.8888 -81.3203 -43.6933 -6.10117 59.7189 -48.7239 26.8859 -8.67555 7.62117 -16.6052 48.7595 69.2824 9.30782 -0.927774 -16.993 3.69965 -19.7444 -95.9617 -55.7049 23.4029 -68.4569 29.516 84.0072 30.5043 -85.0371 -47.7629 -16.2624 65.6447 33.8256 48.3792 -75.9756 -20.1998 72.3423 -60.3232 
77.9054 87.102 -91.6707 40.449 -71.4381 83.6222 38.6482 -35.8896 88.7504 43.0224 80.8187 94.3014 -75.0762 5.07963 53.5553 69.9083 63.0601 -88.6294 -64.9181 32.1076 14.1256 -87.9328 29.7114 37.4869 93.1652 -5.79038 -11.6538 -56.0563 -70.9108 40.833 46.1618 -10.6906 -57.0615 0.37229 57.7745 -27.3354 -94.5173 43.5061 28.1138 21.6481 33.5248 25.261 36.1084 -82.0095 -16.9957 96.1903 -21.6977 -9.30525 16.4557 48.9011 -84.9226 7.9922 4.28363 79.5731 -87.9746 -92.65 22.2433 85.1777 -29.1217 64.4637 -54.0237 -58.2215 -82.6252 33.8256 -92.5008 34.317 -7.47698 64.4017 -66.457 -25.5868 
-17.9746 -88.2775 -72.1311 91.6806 12.068 34.3098 -76.8816 -89.0498 94.512 -18.8864 40.7286 -66.0778 48.988 35.3279 -3.83622 16.7114 -42.4608 -39.861 -98.4424 83.101 7.0867 -14.0102 3.32384 6.93079 43.1912 97.1404 -43.5763 -53.5481 -35.8968 12.5715 77.4321 -91.3152 79.4086 -78.9298 24.0703 -66.8832 2.16838 -7.17576 80.2067 -85.0101 -57.4843 49.6603 3.86059 -56.0992 66.6043 0.132871 43.4643 26.6532 -34.5399 -16.6971 87.6573 80.8299 -77.0579 93.4465 74.4525 -95.9332 19.6305 42.0513 7.79556 -15.0745 51.1938 -12.4661 89.5961 48.3792 34.317 18.8341 -57.3241 22.3418 90.5344 -18.3681 
48.3528 -66.1179 47.4257 39.3764 75.5141 69.3829 -0.361539 22.2867 -90.9477 -29.2615 39.793 12.5364 56.9561 -45.7999 72.5804 -93.0578 -46.6287 87.838 -33.22 -12.7484 -89.8518 -46.9564 27.8435 61.8164 46.676 -70.0629 15.0974 -73.7148 -10.7456 23.7641 -53.4304 -37.0059 -97.8756 26.9201 35.0149 -60.5415 11.9064 -20.983 49.4356 3.06534 -97.1213 70.3052 -59.0093 16.1006 -74.3594 55.166 81.9053 83.9861 24.5836 -61.6399 -61.3202 30.6977 6.09656 20.1126 -36.0751 -35.6792 61.4245 94.4901 -56.0207 83.42 -93.6867 -33.2006 50.8233 -75.9756 -7.47698 -57.3241 -30.0401 16.3714 -65.6467 -67.6306 
